ce_m =

   5.8752e+03

Half Stiffness

nu =

    0.3000


E =

   9.9998e+10


lam2 =

   5.7700e+10


mu2 =

   3.8460e+10


C10 =

   1.9230e+10


D1 =

   1.1999e-11


ce =

   4.1544e+03


dt =

   3.8513e-05


Half Density

E =

   2.0000e+11


nu =

    0.3000


rho =

        3900


lam2 =

   1.1540e+11


mu2 =

   7.6920e+10


C10 =

   3.8460e+10


D1 =

   1.1999e-11


ce =

   8.3088e+03


dt =

   1.9257e-05
