
F:
 1.0000E+00  0.0000E+00  0.0000E+00 
 0.0000E+00  1.0000E+00  0.0000E+00 
 0.0000E+00  0.0000E+00  1.0000E+00 


b:
 1.0000E+00  0.0000E+00  0.0000E+00 
 0.0000E+00  1.0000E+00  0.0000E+00 
 0.0000E+00  0.0000E+00  1.0000E+00 


 J=1 I1=3 

Cauchy:
 0.0000E+00  0.0000E+00  0.0000E+00 
 0.0000E+00  0.0000E+00  0.0000E+00 
 0.0000E+00  0.0000E+00  0.0000E+00 


F:
 1.0000E+00  0.0000E+00  0.0000E+00 
 0.0000E+00  1.0000E+00  0.0000E+00 
 0.0000E+00  0.0000E+00  1.0000E+00 


b:
 1.0000E+00  0.0000E+00  0.0000E+00 
 0.0000E+00  1.0000E+00  0.0000E+00 
 0.0000E+00  0.0000E+00  1.0000E+00 


 J=1 I1=3 

Cauchy:
 0.0000E+00  0.0000E+00  0.0000E+00 
 0.0000E+00  0.0000E+00  0.0000E+00 
 0.0000E+00  0.0000E+00  0.0000E+00 


F:
 1.0000E+00  0.0000E+00  0.0000E+00 
 0.0000E+00  1.0000E+00  0.0000E+00 
 0.0000E+00  0.0000E+00  1.0000E+00 


b:
 1.0000E+00  0.0000E+00  0.0000E+00 
 0.0000E+00  1.0000E+00  0.0000E+00 
 0.0000E+00  0.0000E+00  1.0000E+00 


 J=1 I1=3 

Cauchy:
 0.0000E+00  0.0000E+00  0.0000E+00 
 0.0000E+00  0.0000E+00  0.0000E+00 
 0.0000E+00  0.0000E+00  0.0000E+00 


F:
 1.0000E+00  0.0000E+00  0.0000E+00 
 0.0000E+00  1.0000E+00  0.0000E+00 
 0.0000E+00  0.0000E+00  1.0000E+00 


b:
 1.0000E+00  0.0000E+00  0.0000E+00 
 0.0000E+00  1.0000E+00  0.0000E+00 
 0.0000E+00  0.0000E+00  1.0000E+00 


 J=1 I1=3 

Cauchy:
 0.0000E+00  0.0000E+00  0.0000E+00 
 0.0000E+00  0.0000E+00  0.0000E+00 
 0.0000E+00  0.0000E+00  0.0000E+00 


F:
 1.0000E+00  0.0000E+00  0.0000E+00 
 0.0000E+00  1.0000E+00  0.0000E+00 
 0.0000E+00  0.0000E+00  1.0000E+00 


b:
 1.0000E+00  0.0000E+00  0.0000E+00 
 0.0000E+00  1.0000E+00  0.0000E+00 
 0.0000E+00  0.0000E+00  1.0000E+00 


 J=1 I1=3 

Cauchy:
 0.0000E+00  0.0000E+00  0.0000E+00 
 0.0000E+00  0.0000E+00  0.0000E+00 
 0.0000E+00  0.0000E+00  0.0000E+00 


F:
 1.0000E+00  0.0000E+00  0.0000E+00 
 0.0000E+00  1.0000E+00  0.0000E+00 
 0.0000E+00  0.0000E+00  1.0000E+00 


b:
 1.0000E+00  0.0000E+00  0.0000E+00 
 0.0000E+00  1.0000E+00  0.0000E+00 
 0.0000E+00  0.0000E+00  1.0000E+00 


 J=1 I1=3 

Cauchy:
 0.0000E+00  0.0000E+00  0.0000E+00 
 0.0000E+00  0.0000E+00  0.0000E+00 
 0.0000E+00  0.0000E+00  0.0000E+00 


F:
 1.0000E+00  0.0000E+00  0.0000E+00 
 0.0000E+00  1.0000E+00  0.0000E+00 
 0.0000E+00  0.0000E+00  1.0000E+00 


b:
 1.0000E+00  0.0000E+00  0.0000E+00 
 0.0000E+00  1.0000E+00  0.0000E+00 
 0.0000E+00  0.0000E+00  1.0000E+00 


 J=1 I1=3 

Cauchy:
 0.0000E+00  0.0000E+00  0.0000E+00 
 0.0000E+00  0.0000E+00  0.0000E+00 
 0.0000E+00  0.0000E+00  0.0000E+00 


F:
 1.0000E+00  0.0000E+00  0.0000E+00 
 0.0000E+00  1.0000E+00  0.0000E+00 
 0.0000E+00  0.0000E+00  1.0000E+00 


b:
 1.0000E+00  0.0000E+00  0.0000E+00 
 0.0000E+00  1.0000E+00  0.0000E+00 
 0.0000E+00  0.0000E+00  1.0000E+00 


 J=1 I1=3 

Cauchy:
 0.0000E+00  0.0000E+00  0.0000E+00 
 0.0000E+00  0.0000E+00  0.0000E+00 
 0.0000E+00  0.0000E+00  0.0000E+00 


F:
 1.0000E+00  3.7222E-17  0.0000E+00 
 0.0000E+00  1.0006E+00  0.0000E+00 
 0.0000E+00  0.0000E+00  1.0000E+00 


b:
 1.0000E+00  3.7222E-17  0.0000E+00 
 3.7222E-17  1.0011E+00  0.0000E+00 
 0.0000E+00  0.0000E+00  1.0000E+00 


 J=1.000572e+00 I1=3.001145e+00 

Cauchy:
 6.6052E+07  0.0000E+00  0.0000E+00 
 0.0000E+00  1.5411E+08  0.0000E+00 
 0.0000E+00  0.0000E+00  6.6052E+07 


F:
 1.0000E+00 -9.4462E-18  0.0000E+00 
 0.0000E+00  1.0006E+00  0.0000E+00 
 0.0000E+00  0.0000E+00  1.0000E+00 


b:
 1.0000E+00 -9.4462E-18  0.0000E+00 
-9.4462E-18  1.0011E+00  0.0000E+00 
 0.0000E+00  0.0000E+00  1.0000E+00 


 J=1.000572e+00 I1=3.001145e+00 

Cauchy:
 6.6052E+07  0.0000E+00  0.0000E+00 
 0.0000E+00  1.5411E+08  0.0000E+00 
 0.0000E+00  0.0000E+00  6.6052E+07 


F:
 1.0000E+00 -9.4462E-18  0.0000E+00 
 0.0000E+00  1.0006E+00  0.0000E+00 
 0.0000E+00  0.0000E+00  1.0000E+00 


b:
 1.0000E+00 -9.4462E-18  0.0000E+00 
-9.4462E-18  1.0011E+00  0.0000E+00 
 0.0000E+00  0.0000E+00  1.0000E+00 


 J=1.000572e+00 I1=3.001145e+00 

Cauchy:
 6.6052E+07  0.0000E+00  0.0000E+00 
 0.0000E+00  1.5411E+08  0.0000E+00 
 0.0000E+00  0.0000E+00  6.6052E+07 


F:
 1.0000E+00  3.7222E-17  0.0000E+00 
 0.0000E+00  1.0006E+00  0.0000E+00 
 0.0000E+00  0.0000E+00  1.0000E+00 


b:
 1.0000E+00  3.7222E-17  0.0000E+00 
 3.7222E-17  1.0011E+00  0.0000E+00 
 0.0000E+00  0.0000E+00  1.0000E+00 


 J=1.000572e+00 I1=3.001145e+00 

Cauchy:
 6.6052E+07  0.0000E+00  0.0000E+00 
 0.0000E+00  1.5411E+08  0.0000E+00 
 0.0000E+00  0.0000E+00  6.6052E+07 


F:
 1.0000E+00  3.7222E-17  0.0000E+00 
 0.0000E+00  1.0006E+00  0.0000E+00 
 0.0000E+00  0.0000E+00  1.0000E+00 


b:
 1.0000E+00  3.7222E-17  0.0000E+00 
 3.7222E-17  1.0011E+00  0.0000E+00 
 0.0000E+00  0.0000E+00  1.0000E+00 


 J=1.000572e+00 I1=3.001145e+00 

Cauchy:
 6.6052E+07  0.0000E+00  0.0000E+00 
 0.0000E+00  1.5411E+08  0.0000E+00 
 0.0000E+00  0.0000E+00  6.6052E+07 


F:
 1.0000E+00 -9.4462E-18  0.0000E+00 
 0.0000E+00  1.0006E+00  0.0000E+00 
 0.0000E+00  0.0000E+00  1.0000E+00 


b:
 1.0000E+00 -9.4462E-18  0.0000E+00 
-9.4462E-18  1.0011E+00  0.0000E+00 
 0.0000E+00  0.0000E+00  1.0000E+00 


 J=1.000572e+00 I1=3.001145e+00 

Cauchy:
 6.6052E+07  0.0000E+00  0.0000E+00 
 0.0000E+00  1.5411E+08  0.0000E+00 
 0.0000E+00  0.0000E+00  6.6052E+07 


F:
 1.0000E+00 -9.4462E-18  0.0000E+00 
 0.0000E+00  1.0006E+00  0.0000E+00 
 0.0000E+00  0.0000E+00  1.0000E+00 


b:
 1.0000E+00 -9.4462E-18  0.0000E+00 
-9.4462E-18  1.0011E+00  0.0000E+00 
 0.0000E+00  0.0000E+00  1.0000E+00 


 J=1.000572e+00 I1=3.001145e+00 

Cauchy:
 6.6052E+07  0.0000E+00  0.0000E+00 
 0.0000E+00  1.5411E+08  0.0000E+00 
 0.0000E+00  0.0000E+00  6.6052E+07 


F:
 1.0000E+00  3.7222E-17  0.0000E+00 
 0.0000E+00  1.0006E+00  0.0000E+00 
 0.0000E+00  0.0000E+00  1.0000E+00 


b:
 1.0000E+00  3.7222E-17  0.0000E+00 
 3.7222E-17  1.0011E+00  0.0000E+00 
 0.0000E+00  0.0000E+00  1.0000E+00 


 J=1.000572e+00 I1=3.001145e+00 

Cauchy:
 6.6052E+07  0.0000E+00  0.0000E+00 
 0.0000E+00  1.5411E+08  0.0000E+00 
 0.0000E+00  0.0000E+00  6.6052E+07 


F:
 9.9949E-01 -4.5167E-17 -6.4653E-17 
 0.0000E+00  1.0011E+00  0.0000E+00 
-5.5511E-17  0.0000E+00  9.9949E-01 


b:
 9.9899E-01 -4.5144E-17 -1.2010E-16 
-4.5144E-17  1.0023E+00  2.9202E-33 
-1.2010E-16  2.9202E-33  9.9899E-01 


 J=1.000132e+00 I1=3.000268e+00 

Cauchy:
-6.2433E+07  0.0000E+00 -1.7080E-05 
 0.0000E+00  1.9148E+08  0.0000E+00 
-1.7080E-05  0.0000E+00 -6.2433E+07 


F:
 9.9949E-01 -3.3659E-18 -6.4653E-17 
 0.0000E+00  1.0011E+00  0.0000E+00 
-5.5511E-17  0.0000E+00  9.9949E-01 


b:
 9.9899E-01 -3.3642E-18 -1.2010E-16 
-3.3642E-18  1.0023E+00  2.1762E-34 
-1.2010E-16  2.1762E-34  9.9899E-01 


 J=1.000132e+00 I1=3.000268e+00 

Cauchy:
-6.2433E+07  0.0000E+00 -1.7080E-05 
 0.0000E+00  1.9148E+08  0.0000E+00 
-1.7080E-05  0.0000E+00 -6.2433E+07 


F:
 9.9949E-01 -3.3659E-18 -4.3596E-18 
 0.0000E+00  1.0011E+00  0.0000E+00 
-5.5511E-17  0.0000E+00  9.9949E-01 


b:
 9.9899E-01 -3.3642E-18 -5.9840E-17 
-3.3642E-18  1.0023E+00  1.4674E-35 
-5.9840E-17  1.4674E-35  9.9899E-01 


 J=1.000132e+00 I1=3.000268e+00 

Cauchy:
-6.2433E+07  0.0000E+00  0.0000E+00 
 0.0000E+00  1.9148E+08  0.0000E+00 
 0.0000E+00  0.0000E+00 -6.2433E+07 


F:
 9.9949E-01 -4.5167E-17 -4.3596E-18 
 0.0000E+00  1.0011E+00  0.0000E+00 
-5.5511E-17  0.0000E+00  9.9949E-01 


b:
 9.9899E-01 -4.5144E-17 -5.9840E-17 
-4.5144E-17  1.0023E+00  1.9691E-34 
-5.9840E-17  1.9691E-34  9.9899E-01 


 J=1.000132e+00 I1=3.000268e+00 

Cauchy:
-6.2433E+07  0.0000E+00  0.0000E+00 
 0.0000E+00  1.9148E+08  0.0000E+00 
 0.0000E+00  0.0000E+00 -6.2433E+07 


F:
 9.9949E-01 -4.5167E-17 -6.4653E-17 
 0.0000E+00  1.0011E+00  0.0000E+00 
 0.0000E+00  0.0000E+00  9.9949E-01 


b:
 9.9899E-01 -4.5144E-17 -6.4620E-17 
-4.5144E-17  1.0023E+00  2.9202E-33 
-6.4620E-17  2.9202E-33  9.9899E-01 


 J=1.000132e+00 I1=3.000268e+00 

Cauchy:
-6.2433E+07  0.0000E+00  0.0000E+00 
 0.0000E+00  1.9148E+08  0.0000E+00 
 0.0000E+00  0.0000E+00 -6.2433E+07 


F:
 9.9949E-01 -3.3659E-18 -6.4653E-17 
 0.0000E+00  1.0011E+00  0.0000E+00 
 0.0000E+00  0.0000E+00  9.9949E-01 


b:
 9.9899E-01 -3.3642E-18 -6.4620E-17 
-3.3642E-18  1.0023E+00  2.1762E-34 
-6.4620E-17  2.1762E-34  9.9899E-01 


 J=1.000132e+00 I1=3.000268e+00 

Cauchy:
-6.2433E+07  0.0000E+00  0.0000E+00 
 0.0000E+00  1.9148E+08  0.0000E+00 
 0.0000E+00  0.0000E+00 -6.2433E+07 


F:
 9.9949E-01 -3.3659E-18 -4.3596E-18 
 0.0000E+00  1.0011E+00  0.0000E+00 
 0.0000E+00  0.0000E+00  9.9949E-01 


b:
 9.9899E-01 -3.3642E-18 -4.3574E-18 
-3.3642E-18  1.0023E+00  1.4674E-35 
-4.3574E-18  1.4674E-35  9.9899E-01 


 J=1.000132e+00 I1=3.000268e+00 

Cauchy:
-6.2433E+07  0.0000E+00  0.0000E+00 
 0.0000E+00  1.9148E+08  0.0000E+00 
 0.0000E+00  0.0000E+00 -6.2433E+07 


F:
 9.9949E-01 -4.5167E-17 -4.3596E-18 
 0.0000E+00  1.0011E+00  0.0000E+00 
 0.0000E+00  0.0000E+00  9.9949E-01 


b:
 9.9899E-01 -4.5144E-17 -4.3574E-18 
-4.5144E-17  1.0023E+00  1.9691E-34 
-4.3574E-18  1.9691E-34  9.9899E-01 


 J=1.000132e+00 I1=3.000268e+00 

Cauchy:
-6.2433E+07  0.0000E+00  0.0000E+00 
 0.0000E+00  1.9148E+08  0.0000E+00 
 0.0000E+00  0.0000E+00 -6.2433E+07 


F:
 9.9946E-01 -3.2103E-18 -1.1154E-17 
 0.0000E+00  1.0017E+00  0.0000E+00 
 5.5511E-17  0.0000E+00  9.9946E-01 


b:
 9.9891E-01 -3.2085E-18  4.4333E-17 
-3.2085E-18  1.0034E+00  3.5808E-35 
 4.4333E-17  3.5808E-35  9.9891E-01 


 J=1.000628e+00 I1=3.001262e+00 

Cauchy:
-1.0993E+07  8.3090E-06  0.0000E+00 
 8.3090E-06  3.3665E+08  0.0000E+00 
 0.0000E+00  0.0000E+00 -1.0993E+07 


F:
 9.9946E-01 -1.0608E-17 -1.1154E-17 
 0.0000E+00  1.0017E+00  0.0000E+00 
 5.5511E-17  0.0000E+00  9.9946E-01 


b:
 9.9891E-01 -1.0602E-17  4.4333E-17 
-1.0602E-17  1.0034E+00  1.1832E-34 
 4.4333E-17  1.1832E-34  9.9891E-01 


 J=1.000628e+00 I1=3.001262e+00 

Cauchy:
-1.0993E+07 -9.3404E-06  0.0000E+00 
-9.3404E-06  3.3665E+08  0.0000E+00 
 0.0000E+00  0.0000E+00 -1.0993E+07 


F:
 9.9946E-01 -1.0608E-17 -2.7649E-18 
 0.0000E+00  1.0017E+00  0.0000E+00 
 5.5511E-17  0.0000E+00  9.9946E-01 


b:
 9.9891E-01 -1.0602E-17  5.2718E-17 
-1.0602E-17  1.0034E+00  2.9330E-35 
 5.2718E-17  2.9330E-35  9.9891E-01 


 J=1.000628e+00 I1=3.001262e+00 

Cauchy:
-1.0993E+07 -9.3404E-06  0.0000E+00 
-9.3404E-06  3.3665E+08  0.0000E+00 
 0.0000E+00  0.0000E+00 -1.0993E+07 


F:
 9.9946E-01 -3.2103E-18 -2.7649E-18 
 0.0000E+00  1.0017E+00  0.0000E+00 
 5.5511E-17  0.0000E+00  9.9946E-01 


b:
 9.9891E-01 -3.2085E-18  5.2718E-17 
-3.2085E-18  1.0034E+00  8.8760E-36 
 5.2718E-17  8.8760E-36  9.9891E-01 


 J=1.000628e+00 I1=3.001262e+00 

Cauchy:
-1.0993E+07  8.3090E-06  0.0000E+00 
 8.3090E-06  3.3665E+08  0.0000E+00 
 0.0000E+00  0.0000E+00 -1.0993E+07 


F:
 9.9946E-01 -3.2103E-18 -1.1154E-17 
 0.0000E+00  1.0017E+00  0.0000E+00 
 0.0000E+00  0.0000E+00  9.9946E-01 


b:
 9.9891E-01 -3.2085E-18 -1.1148E-17 
-3.2085E-18  1.0034E+00  3.5808E-35 
-1.1148E-17  3.5808E-35  9.9891E-01 


 J=1.000628e+00 I1=3.001262e+00 

Cauchy:
-1.0993E+07  0.0000E+00  0.0000E+00 
 0.0000E+00  3.3665E+08  0.0000E+00 
 0.0000E+00  0.0000E+00 -1.0993E+07 


F:
 9.9946E-01 -1.0608E-17 -1.1154E-17 
 0.0000E+00  1.0017E+00  0.0000E+00 
 0.0000E+00  0.0000E+00  9.9946E-01 


b:
 9.9891E-01 -1.0602E-17 -1.1148E-17 
-1.0602E-17  1.0034E+00  1.1832E-34 
-1.1148E-17  1.1832E-34  9.9891E-01 


 J=1.000628e+00 I1=3.001262e+00 

Cauchy:
-1.0993E+07  0.0000E+00  0.0000E+00 
 0.0000E+00  3.3665E+08  0.0000E+00 
 0.0000E+00  0.0000E+00 -1.0993E+07 


F:
 9.9946E-01 -1.0608E-17 -2.7649E-18 
 0.0000E+00  1.0017E+00  0.0000E+00 
 0.0000E+00  0.0000E+00  9.9946E-01 


b:
 9.9891E-01 -1.0602E-17 -2.7634E-18 
-1.0602E-17  1.0034E+00  2.9330E-35 
-2.7634E-18  2.9330E-35  9.9891E-01 


 J=1.000628e+00 I1=3.001262e+00 

Cauchy:
-1.0993E+07  0.0000E+00  0.0000E+00 
 0.0000E+00  3.3665E+08  0.0000E+00 
 0.0000E+00  0.0000E+00 -1.0993E+07 


F:
 9.9946E-01 -3.2103E-18 -2.7649E-18 
 0.0000E+00  1.0017E+00  0.0000E+00 
 0.0000E+00  0.0000E+00  9.9946E-01 


b:
 9.9891E-01 -3.2085E-18 -2.7634E-18 
-3.2085E-18  1.0034E+00  8.8760E-36 
-2.7634E-18  8.8760E-36  9.9891E-01 


 J=1.000628e+00 I1=3.001262e+00 

Cauchy:
-1.0993E+07  0.0000E+00  0.0000E+00 
 0.0000E+00  3.3665E+08  0.0000E+00 
 0.0000E+00  0.0000E+00 -1.0993E+07 


F:
 9.9944E-01 -3.1498E-18  1.1745E-16 
 0.0000E+00  1.0023E+00  0.0000E+00 
 5.5511E-17  0.0000E+00  9.9944E-01 


b:
 9.9888E-01 -3.1480E-18  1.7287E-16 
-3.1480E-18  1.0046E+00 -3.6996E-34 
 1.7287E-16 -3.6996E-34  9.9888E-01 


 J=1.001165e+00 I1=3.002340e+00 

Cauchy:
 4.8383E+07  0.0000E+00  2.5620E-05 
 0.0000E+00  4.8669E+08  0.0000E+00 
 2.5620E-05  0.0000E+00  4.8383E+07 


F:
 9.9944E-01  3.2292E-18  1.1745E-16 
 0.0000E+00  1.0023E+00  0.0000E+00 
 5.5511E-17  0.0000E+00  9.9944E-01 


b:
 9.9888E-01  3.2274E-18  1.7287E-16 
 3.2274E-18  1.0046E+00  3.7928E-34 
 1.7287E-16  3.7928E-34  9.9888E-01 


 J=1.001165e+00 I1=3.002340e+00 

Cauchy:
 4.8383E+07  0.0000E+00  2.5620E-05 
 0.0000E+00  4.8669E+08  0.0000E+00 
 2.5620E-05  0.0000E+00  4.8383E+07 


F:
 9.9944E-01  3.2292E-18  2.3759E-17 
 0.0000E+00  1.0023E+00  0.0000E+00 
 5.5511E-17  0.0000E+00  9.9944E-01 


b:
 9.9888E-01  3.2274E-18  7.9226E-17 
 3.2274E-18  1.0046E+00  7.6722E-35 
 7.9226E-17  7.6722E-35  9.9888E-01 


 J=1.001165e+00 I1=3.002340e+00 

Cauchy:
 4.8383E+07  3.4394E-05  0.0000E+00 
 3.4394E-05  4.8669E+08  0.0000E+00 
 0.0000E+00  0.0000E+00  4.8383E+07 


F:
 9.9944E-01 -3.1498E-18  2.3759E-17 
 0.0000E+00  1.0023E+00  0.0000E+00 
 5.5511E-17  0.0000E+00  9.9944E-01 


b:
 9.9888E-01 -3.1480E-18  7.9226E-17 
-3.1480E-18  1.0046E+00 -7.4836E-35 
 7.9226E-17 -7.4836E-35  9.9888E-01 


 J=1.001165e+00 I1=3.002340e+00 

Cauchy:
 4.8383E+07 -3.4394E-05  0.0000E+00 
-3.4394E-05  4.8669E+08  0.0000E+00 
 0.0000E+00  0.0000E+00  4.8383E+07 


F:
 9.9944E-01 -3.1498E-18  1.1745E-16 
 0.0000E+00  1.0023E+00  0.0000E+00 
 1.3878E-17  0.0000E+00  9.9944E-01 


b:
 9.9888E-01 -3.1480E-18  1.3126E-16 
-3.1480E-18  1.0046E+00 -3.6996E-34 
 1.3126E-16 -3.6996E-34  9.9888E-01 


 J=1.001165e+00 I1=3.002340e+00 

Cauchy:
 4.8383E+07  0.0000E+00  8.5398E-06 
 0.0000E+00  4.8669E+08  0.0000E+00 
 8.5398E-06  0.0000E+00  4.8383E+07 


F:
 9.9944E-01  3.2292E-18  1.1745E-16 
 0.0000E+00  1.0023E+00  0.0000E+00 
 1.3878E-17  0.0000E+00  9.9944E-01 


b:
 9.9888E-01  3.2274E-18  1.3126E-16 
 3.2274E-18  1.0046E+00  3.7928E-34 
 1.3126E-16  3.7928E-34  9.9888E-01 


 J=1.001165e+00 I1=3.002340e+00 

Cauchy:
 4.8383E+07  0.0000E+00  8.5398E-06 
 0.0000E+00  4.8669E+08  0.0000E+00 
 8.5398E-06  0.0000E+00  4.8383E+07 


F:
 9.9944E-01  3.2292E-18  2.3759E-17 
 0.0000E+00  1.0023E+00  0.0000E+00 
 1.3878E-17  0.0000E+00  9.9944E-01 


b:
 9.9888E-01  3.2274E-18  3.7616E-17 
 3.2274E-18  1.0046E+00  7.6722E-35 
 3.7616E-17  7.6722E-35  9.9888E-01 


 J=1.001165e+00 I1=3.002340e+00 

Cauchy:
 4.8383E+07  3.4394E-05  0.0000E+00 
 3.4394E-05  4.8669E+08  0.0000E+00 
 0.0000E+00  0.0000E+00  4.8383E+07 


F:
 9.9944E-01 -3.1498E-18  2.3759E-17 
 0.0000E+00  1.0023E+00  0.0000E+00 
 1.3878E-17  0.0000E+00  9.9944E-01 


b:
 9.9888E-01 -3.1480E-18  3.7616E-17 
-3.1480E-18  1.0046E+00 -7.4836E-35 
 3.7616E-17 -7.4836E-35  9.9888E-01 


 J=1.001165e+00 I1=3.002340e+00 

Cauchy:
 4.8383E+07 -3.4394E-05  0.0000E+00 
-3.4394E-05  4.8669E+08  0.0000E+00 
 0.0000E+00  0.0000E+00  4.8383E+07 


F:
 9.9904E-01  5.1457E-17  1.4130E-16 
 0.0000E+00  1.0029E+00  0.0000E+00 
 1.6653E-16  0.0000E+00  9.9904E-01 


b:
 9.9808E-01  5.1407E-17  3.0754E-16 
 5.1407E-17  1.0057E+00  7.2709E-33 
 3.0754E-16  7.2709E-33  9.9808E-01 


 J=1.000933e+00 I1=3.001886e+00 

Cauchy:
-3.9615E+07  0.0000E+00  2.9889E-05 
 0.0000E+00  5.4830E+08  0.0000E+00 
 2.9889E-05  0.0000E+00 -3.9615E+07 


F:
 9.9904E-01 -2.7850E-18  1.4130E-16 
 0.0000E+00  1.0029E+00  0.0000E+00 
 1.6653E-16  0.0000E+00  9.9904E-01 


b:
 9.9808E-01 -2.7823E-18  3.0754E-16 
-2.7823E-18  1.0057E+00 -3.9353E-34 
 3.0754E-16 -3.9353E-34  9.9808E-01 


 J=1.000933e+00 I1=3.001886e+00 

Cauchy:
-3.9615E+07  0.0000E+00  2.9889E-05 
 0.0000E+00  5.4830E+08  0.0000E+00 
 2.9889E-05  0.0000E+00 -3.9615E+07 


F:
 9.9904E-01 -2.7850E-18 -1.4610E-17 
 0.0000E+00  1.0029E+00  0.0000E+00 
 1.6653E-16  0.0000E+00  9.9904E-01 


b:
 9.9808E-01 -2.7823E-18  1.5178E-16 
-2.7823E-18  1.0057E+00  4.0688E-35 
 1.5178E-16  4.0688E-35  9.9808E-01 


 J=1.000933e+00 I1=3.001886e+00 

Cauchy:
-3.9615E+07 -2.0392E-05  1.2810E-05 
-2.0392E-05  5.4830E+08  8.6015E-07 
 1.2810E-05  8.6015E-07 -3.9615E+07 


F:
 9.9904E-01  5.1457E-17 -1.4610E-17 
 0.0000E+00  1.0029E+00  0.0000E+00 
 1.6653E-16  0.0000E+00  9.9904E-01 


b:
 9.9808E-01  5.1407E-17  1.5178E-16 
 5.1407E-17  1.0057E+00 -7.5177E-34 
 1.5178E-16 -7.5177E-34  9.9808E-01 


 J=1.000933e+00 I1=3.001886e+00 

Cauchy:
-3.9615E+07  6.9665E-06  1.2810E-05 
 6.9665E-06  5.4830E+08 -1.6162E-06 
 1.2810E-05 -1.6162E-06 -3.9615E+07 


F:
 9.9904E-01  5.1457E-17  1.4130E-16 
 0.0000E+00  1.0029E+00  0.0000E+00 
-9.7145E-17  0.0000E+00  9.9904E-01 


b:
 9.9808E-01  5.1407E-17  4.4115E-17 
 5.1407E-17  1.0057E+00  7.2709E-33 
 4.4115E-17  7.2709E-33  9.9808E-01 


 J=1.000933e+00 I1=3.001886e+00 

Cauchy:
-3.9615E+07 -1.3054E-07  0.0000E+00 
-1.3054E-07  5.4830E+08  0.0000E+00 
 0.0000E+00  0.0000E+00 -3.9615E+07 


F:
 9.9904E-01 -2.7850E-18  1.4130E-16 
 0.0000E+00  1.0029E+00  0.0000E+00 
-9.7145E-17  0.0000E+00  9.9904E-01 


b:
 9.9808E-01 -2.7823E-18  4.4115E-17 
-2.7823E-18  1.0057E+00 -3.9353E-34 
 4.4115E-17 -3.9353E-34  9.9808E-01 


 J=1.000933e+00 I1=3.001886e+00 

Cauchy:
-3.9615E+07  0.0000E+00  0.0000E+00 
 0.0000E+00  5.4830E+08  0.0000E+00 
 0.0000E+00  0.0000E+00 -3.9615E+07 


F:
 9.9904E-01 -2.7850E-18 -1.4610E-17 
 0.0000E+00  1.0029E+00  0.0000E+00 
-9.7145E-17  0.0000E+00  9.9904E-01 


b:
 9.9808E-01 -2.7823E-18 -1.1165E-16 
-2.7823E-18  1.0057E+00  4.0688E-35 
-1.1165E-16  4.0688E-35  9.9808E-01 


 J=1.000933e+00 I1=3.001886e+00 

Cauchy:
-3.9615E+07  0.0000E+00 -8.5398E-06 
 0.0000E+00  5.4830E+08  0.0000E+00 
-8.5398E-06  0.0000E+00 -3.9615E+07 


F:
 9.9904E-01  5.1457E-17 -1.4610E-17 
 0.0000E+00  1.0029E+00  0.0000E+00 
-9.7145E-17  0.0000E+00  9.9904E-01 


b:
 9.9808E-01  5.1407E-17 -1.1165E-16 
 5.1407E-17  1.0057E+00 -7.5177E-34 
-1.1165E-16 -7.5177E-34  9.9808E-01 


 J=1.000933e+00 I1=3.001886e+00 

Cauchy:
-3.9615E+07  0.0000E+00 -8.5398E-06 
 0.0000E+00  5.4830E+08  0.0000E+00 
-8.5398E-06  0.0000E+00 -3.9615E+07 


F:
 9.9893E-01  1.8755E-17 -1.3167E-16 
 0.0000E+00  1.0034E+00  0.0000E+00 
 1.6653E-16  0.0000E+00  9.9893E-01 


b:
 9.9786E-01  1.8735E-17  3.4823E-17 
 1.8735E-17  1.0069E+00 -2.4695E-33 
 3.4823E-17 -2.4695E-33  9.9786E-01 


 J=1.001286e+00 I1=3.002598e+00 

Cauchy:
-1.5519E+07  0.0000E+00  0.0000E+00 
 0.0000E+00  6.7706E+08  0.0000E+00 
 0.0000E+00  0.0000E+00 -1.5519E+07 


F:
 9.9893E-01 -1.1697E-17 -1.5832E-16 
 0.0000E+00  1.0034E+00  0.0000E+00 
 2.2204E-16  0.0000E+00  9.9893E-01 


b:
 9.9786E-01 -1.1685E-17  6.3659E-17 
-1.1685E-17  1.0069E+00  1.8518E-33 
 6.3659E-17  1.8518E-33  9.9786E-01 


 J=1.001286e+00 I1=3.002598e+00 

Cauchy:
-1.5519E+07 -8.5436E-07  0.0000E+00 
-8.5436E-07  6.7706E+08  0.0000E+00 
 0.0000E+00  0.0000E+00 -1.5519E+07 


F:
 9.9893E-01 -1.1697E-17 -4.9702E-17 
 5.5511E-17  1.0034E+00  2.7756E-17 
 2.2204E-16  0.0000E+00  9.9893E-01 


b:
 9.9786E-01  4.4017E-17  1.7216E-16 
 4.4017E-17  1.0069E+00  2.7851E-17 
 1.7216E-16  2.7851E-17  9.9786E-01 


 J=1.001286e+00 I1=3.002598e+00 

Cauchy:
-1.5519E+07  7.0220E-05  8.5398E-06 
 7.0220E-05  6.7706E+08 -1.2177E-07 
 8.5398E-06 -1.2177E-07 -1.5519E+07 


F:
 9.9893E-01  1.8755E-17 -6.0788E-17 
 5.5511E-17  1.0034E+00  2.7756E-17 
 1.6653E-16  0.0000E+00  9.9893E-01 


b:
 9.9786E-01  7.4437E-17  1.0563E-16 
 7.4437E-17  1.0069E+00  2.7851E-17 
 1.0563E-16  2.7851E-17  9.9786E-01 


 J=1.001286e+00 I1=3.002598e+00 

Cauchy:
-1.5519E+07 -4.9272E-05  0.0000E+00 
-4.9272E-05  6.7706E+08  0.0000E+00 
 0.0000E+00  0.0000E+00 -1.5519E+07 


F:
 9.9893E-01  1.8755E-17 -1.3167E-16 
 0.0000E+00  1.0034E+00  0.0000E+00 
-1.9429E-16  0.0000E+00  9.9893E-01 


b:
 9.9786E-01  1.8735E-17 -3.2561E-16 
 1.8735E-17  1.0069E+00 -2.4695E-33 
-3.2561E-16 -2.4695E-33  9.9786E-01 


 J=1.001286e+00 I1=3.002598e+00 

Cauchy:
-1.5519E+07  0.0000E+00 -2.5620E-05 
 0.0000E+00  6.7706E+08  0.0000E+00 
-2.5620E-05  0.0000E+00 -1.5519E+07 


F:
 9.9893E-01 -1.1697E-17 -1.5832E-16 
 0.0000E+00  1.0034E+00  0.0000E+00 
-1.6653E-16  0.0000E+00  9.9893E-01 


b:
 9.9786E-01 -1.1685E-17 -3.2450E-16 
-1.1685E-17  1.0069E+00  1.8518E-33 
-3.2450E-16  1.8518E-33  9.9786E-01 


 J=1.001286e+00 I1=3.002598e+00 

Cauchy:
-1.5519E+07  2.3338E-05 -2.5620E-05 
 2.3338E-05  6.7706E+08 -3.4541E-06 
-2.5620E-05 -3.4541E-06 -1.5519E+07 


F:
 9.9893E-01 -1.1697E-17 -4.9702E-17 
 2.7756E-17  1.0034E+00  0.0000E+00 
-1.6653E-16  0.0000E+00  9.9893E-01 


b:
 9.9786E-01  1.6166E-17 -2.1600E-16 
 1.6166E-17  1.0069E+00  5.8137E-34 
-2.1600E-16  5.8137E-34  9.9786E-01 


 J=1.001286e+00 I1=3.002598e+00 

Cauchy:
-1.5519E+07  2.0416E-05 -1.7080E-05 
 2.0416E-05  6.7706E+08  2.1062E-06 
-1.7080E-05  2.1062E-06 -1.5519E+07 


F:
 9.9893E-01  1.8755E-17 -6.0788E-17 
 2.7756E-17  1.0034E+00  0.0000E+00 
-1.9429E-16  0.0000E+00  9.9893E-01 


b:
 9.9786E-01  4.6586E-17 -2.5480E-16 
 4.6586E-17  1.0069E+00 -1.1401E-33 
-2.5480E-16 -1.1401E-33  9.9786E-01 


 J=1.001286e+00 I1=3.002598e+00 

Cauchy:
-1.5519E+07 -1.7994E-05 -2.5620E-05 
-1.7994E-05  6.7706E+08 -2.1251E-06 
-2.5620E-05 -2.1251E-06 -1.5519E+07 


F:
 9.9889E-01  1.9567E-17 -1.1754E-16 
 5.5511E-17  1.0040E+00  0.0000E+00 
-1.6653E-16  0.0000E+00  9.9889E-01 


b:
 9.9778E-01  7.5279E-17 -2.8375E-16 
 7.5279E-17  1.0080E+00 -2.2998E-33 
-2.8375E-16 -2.2998E-33  9.9778E-01 


 J=1.001771e+00 I1=3.003576e+00 

Cauchy:
 3.4116E+07  1.9700E-05 -1.7080E-05 
 1.9700E-05  8.2119E+08 -5.9849E-06 
-1.7080E-05 -5.9849E-06  3.4116E+07 


F:
 9.9889E-01  8.3275E-18 -9.5626E-17 
 5.5511E-17  1.0040E+00  0.0000E+00 
-1.6653E-16  0.0000E+00  9.9889E-01 


b:
 9.9778E-01  6.4052E-17 -2.6187E-16 
 6.4052E-17  1.0080E+00 -7.9633E-34 
-2.6187E-16 -7.9633E-34  9.9778E-01 


 J=1.001771e+00 I1=3.003576e+00 

Cauchy:
 3.4116E+07  1.1009E-05 -2.1350E-05 
 1.1009E-05  8.2119E+08  3.1219E-06 
-2.1350E-05  3.1219E-06  3.4116E+07 


F:
 9.9889E-01  8.3275E-18 -3.2134E-17 
 5.5511E-17  1.0040E+00 -2.7756E-17 
-1.6653E-16  0.0000E+00  9.9889E-01 


b:
 9.9778E-01  6.4052E-17 -1.9845E-16 
 6.4052E-17  1.0080E+00 -2.7867E-17 
-1.9845E-16 -2.7867E-17  9.9778E-01 


 J=1.001771e+00 I1=3.003576e+00 

Cauchy:
 3.4116E+07  1.2290E-05 -1.7080E-05 
 1.2290E-05  8.2119E+08 -3.1417E-06 
-1.7080E-05 -3.1417E-06  3.4116E+07 


F:
 9.9889E-01  1.9567E-17 -3.1130E-17 
 5.5511E-17  1.0040E+00 -2.7756E-17 
-1.6653E-16  0.0000E+00  9.9889E-01 


b:
 9.9778E-01  7.5279E-17 -1.9744E-16 
 7.5279E-17  1.0080E+00 -2.7867E-17 
-1.9744E-16 -2.7867E-17  9.9778E-01 


 J=1.001771e+00 I1=3.003576e+00 

Cauchy:
 3.4116E+07 -3.5446E-05 -1.2810E-05 
-3.5446E-05  8.2119E+08 -4.9161E-07 
-1.2810E-05 -4.9161E-07  3.4116E+07 


F:
 9.9889E-01  1.9567E-17 -1.1754E-16 
-4.1633E-17  1.0040E+00  0.0000E+00 
-4.1633E-17  0.0000E+00  9.9889E-01 


b:
 9.9778E-01 -2.2255E-17 -1.5899E-16 
-2.2255E-17  1.0080E+00 -2.2998E-33 
-1.5899E-16 -2.2998E-33  9.9778E-01 


 J=1.001771e+00 I1=3.003576e+00 

Cauchy:
 3.4116E+07 -4.8814E-05 -1.7080E-05 
-4.8814E-05  8.2119E+08  2.0579E-06 
-1.7080E-05  2.0579E-06  3.4116E+07 


F:
 9.9889E-01  8.3275E-18 -9.5626E-17 
-4.1633E-17  1.0040E+00  0.0000E+00 
-8.3267E-17  0.0000E+00  9.9889E-01 


b:
 9.9778E-01 -3.3482E-17 -1.7869E-16 
-3.3482E-17  1.0080E+00 -7.9633E-34 
-1.7869E-16 -7.9633E-34  9.9778E-01 


 J=1.001771e+00 I1=3.003576e+00 

Cauchy:
 3.4116E+07  1.7118E-05 -1.7080E-05 
 1.7118E-05  8.2119E+08  4.1221E-06 
-1.7080E-05  4.1221E-06  3.4116E+07 


F:
 9.9889E-01  8.3275E-18 -3.2134E-17 
-8.3267E-17  1.0040E+00 -2.7756E-17 
-8.3267E-17  0.0000E+00  9.9889E-01 


b:
 9.9778E-01 -7.5282E-17 -1.1527E-16 
-7.5282E-17  1.0080E+00 -2.7867E-17 
-1.1527E-16 -2.7867E-17  9.9778E-01 


 J=1.001771e+00 I1=3.003576e+00 

Cauchy:
 3.4116E+07  2.6891E-05 -1.2810E-05 
 2.6891E-05  8.2119E+08  3.7224E-06 
-1.2810E-05  3.7224E-06  3.4116E+07 


F:
 9.9889E-01  1.9567E-17 -3.1130E-17 
-8.3267E-17  1.0040E+00 -2.7756E-17 
-4.1633E-17  0.0000E+00  9.9889E-01 


b:
 9.9778E-01 -6.4055E-17 -7.2683E-17 
-6.4055E-17  1.0080E+00 -2.7867E-17 
-7.2683E-17 -2.7867E-17  9.9778E-01 


 J=1.001771e+00 I1=3.003576e+00 

Cauchy:
 3.4116E+07  8.7849E-06  0.0000E+00 
 8.7849E-06  8.2119E+08  0.0000E+00 
 0.0000E+00  0.0000E+00  3.4116E+07 


F:
 9.9856E-01 -3.8238E-17 -5.1998E-17 
 1.1102E-16  1.0046E+00  1.1102E-16 
-2.2204E-16  0.0000E+00  9.9856E-01 


b:
 9.9713E-01  7.3347E-17 -2.7365E-16 
 7.3347E-17  1.0092E+00  1.1153E-16 
-2.7365E-16  1.1153E-16  9.9713E-01 


 J=1.001691e+00 I1=3.003429e+00 

Cauchy:
-2.4595E+07 -3.6979E-05 -2.9889E-05 
-3.6979E-05  9.0031E+08  1.2357E-05 
-2.9889E-05  1.2357E-05 -2.4595E+07 


F:
 9.9856E-01  1.0641E-17  1.0524E-16 
 1.1102E-16  1.0046E+00  1.1102E-16 
-5.5511E-17  0.0000E+00  9.9856E-01 


b:
 9.9713E-01  1.2216E-16  4.9661E-17 
 1.2216E-16  1.0092E+00  1.1153E-16 
 4.9661E-17  1.1153E-16  9.9713E-01 


 J=1.001691e+00 I1=3.003429e+00 

Cauchy:
-2.4595E+07  1.8384E-05  3.2024E-06 
 1.8384E-05  9.0031E+08  8.6325E-06 
 3.2024E-06  8.6325E-06 -2.4595E+07 


F:
 9.9856E-01  1.0641E-17  2.8629E-18 
 2.7756E-16  1.0046E+00 -1.6653E-16 
-5.5511E-17  0.0000E+00  9.9856E-01 


b:
 9.9713E-01  2.8945E-16 -5.2573E-17 
 2.8945E-16  1.0092E+00 -1.6730E-16 
-5.2573E-17 -1.6730E-16  9.9713E-01 


 J=1.001691e+00 I1=3.003429e+00 

Cauchy:
-2.4595E+07  7.1572E-06 -6.4049E-06 
 7.1572E-06  9.0031E+08 -1.2599E-05 
-6.4049E-06 -1.2599E-05 -2.4595E+07 


F:
 9.9856E-01 -3.8238E-17  1.2408E-17 
 2.7756E-16  1.0046E+00 -1.6653E-16 
-2.2204E-16  0.0000E+00  9.9856E-01 


b:
 9.9713E-01  2.4064E-16 -2.0934E-16 
 2.4064E-16  1.0092E+00 -1.6730E-16 
-2.0934E-16 -1.6730E-16  9.9713E-01 


 J=1.001691e+00 I1=3.003429e+00 

Cauchy:
-2.4595E+07 -8.6482E-06 -2.5620E-05 
-8.6482E-06  9.0031E+08 -1.1260E-05 
-2.5620E-05 -1.1260E-05 -2.4595E+07 


F:
 9.9856E-01 -3.8238E-17 -5.1998E-17 
-2.6368E-16  1.0046E+00  2.2204E-16 
 1.5266E-16  0.0000E+00  9.9856E-01 


b:
 9.9713E-01 -3.0307E-16  1.0051E-16 
-3.0307E-16  1.0092E+00  2.2306E-16 
 1.0051E-16  2.2306E-16  9.9713E-01 


 J=1.001691e+00 I1=3.003429e+00 

Cauchy:
-2.4595E+07 -3.6303E-05  2.1350E-06 
-3.6303E-05  9.0031E+08  1.8321E-05 
 2.1350E-06  1.8321E-05 -2.4595E+07 


F:
 9.9856E-01  1.0641E-17  1.0524E-16 
-2.6368E-16  1.0046E+00  2.2204E-16 
 5.5511E-17  0.0000E+00  9.9856E-01 


b:
 9.9713E-01 -2.5426E-16  1.6052E-16 
-2.5426E-16  1.0092E+00  2.2306E-16 
 1.6052E-16  2.2306E-16  9.9713E-01 


 J=1.001691e+00 I1=3.003429e+00 

Cauchy:
-2.4595E+07  1.3163E-06  2.1350E-05 
 1.3163E-06  9.0031E+08  1.5810E-05 
 2.1350E-05  1.5810E-05 -2.4595E+07 


F:
 9.9856E-01  1.0641E-17  2.8629E-18 
-3.6082E-16  1.0046E+00 -1.9429E-16 
 5.5511E-17  0.0000E+00  9.9856E-01 


b:
 9.9713E-01 -3.5185E-16  5.8290E-17 
-3.5185E-16  1.0092E+00 -1.9518E-16 
 5.8290E-17 -1.9518E-16  9.9713E-01 


 J=1.001691e+00 I1=3.003429e+00 

Cauchy:
-2.4595E+07 -4.8303E-05  4.2699E-06 
-4.8303E-05  9.0031E+08 -1.3248E-05 
 4.2699E-06 -1.3248E-05 -2.4595E+07 


F:
 9.9856E-01 -3.8238E-17  1.2408E-17 
-3.6082E-16  1.0046E+00 -1.9429E-16 
 1.5266E-16  0.0000E+00  9.9856E-01 


b:
 9.9713E-01 -4.0066E-16  1.6483E-16 
-4.0066E-16  1.0092E+00 -1.9518E-16 
 1.6483E-16 -1.9518E-16  9.9713E-01 


 J=1.001691e+00 I1=3.003429e+00 

Cauchy:
-2.4595E+07 -7.5993E-05  1.7080E-05 
-7.5993E-05  9.0031E+08 -1.2664E-05 
 1.7080E-05 -1.2664E-05 -2.4595E+07 


F:
 9.9841E-01 -1.7639E-17  2.0099E-16 
 2.7756E-16  1.0051E+00 -1.1102E-16 
-1.1102E-16  0.0000E+00  9.9841E-01 


b:
 9.9683E-01  2.6137E-16  8.9824E-17 
 2.6137E-16  1.0103E+00 -1.1159E-16 
 8.9824E-17 -1.1159E-16  9.9683E-01 


 J=1.001960e+00 I1=3.003978e+00 

Cauchy:
-1.6367E+07  2.0017E-05  8.5398E-06 
 2.0017E-05  1.0195E+09 -1.0725E-05 
 8.5398E-06 -1.0725E-05 -1.6367E+07 


F:
 9.9841E-01 -2.9993E-18  1.3089E-16 
 2.7756E-16  1.0051E+00 -1.1102E-16 
 5.5511E-17  0.0000E+00  9.9841E-01 


b:
 9.9683E-01  2.7599E-16  1.8610E-16 
 2.7599E-16  1.0103E+00 -1.1159E-16 
 1.8610E-16 -1.1159E-16  9.9683E-01 


 J=1.001960e+00 I1=3.003978e+00 

Cauchy:
-1.6367E+07 -3.6925E-05  4.2699E-06 
-3.6925E-05  1.0195E+09 -6.0225E-06 
 4.2699E-06 -6.0225E-06 -1.6367E+07 


F:
 9.9841E-01 -2.9993E-18 -2.3851E-18 
 4.4409E-16  1.0051E+00 -1.1102E-16 
 5.5511E-17  0.0000E+00  9.9841E-01 


b:
 9.9683E-01  4.4338E-16  5.3042E-17 
 4.4338E-16  1.0103E+00 -1.1159E-16 
 5.3042E-17 -1.1159E-16  9.9683E-01 


 J=1.001960e+00 I1=3.003978e+00 

Cauchy:
-1.6367E+07  8.6519E-06  5.3374E-06 
 8.6519E-06  1.0195E+09 -8.8983E-06 
 5.3374E-06 -8.8983E-06 -1.6367E+07 


F:
 9.9841E-01 -1.7639E-17  1.0756E-16 
 4.4409E-16  1.0051E+00 -1.1102E-16 
-1.1102E-16  0.0000E+00  9.9841E-01 


b:
 9.9683E-01  4.2876E-16 -3.4582E-18 
 4.2876E-16  1.0103E+00 -1.1159E-16 
-3.4582E-18 -1.1159E-16  9.9683E-01 


 J=1.001960e+00 I1=3.003978e+00 

Cauchy:
-1.6367E+07  3.4162E-05 -2.0015E-07 
 3.4162E-05  1.0195E+09 -8.5665E-06 
-2.0015E-07 -8.5665E-06 -1.6367E+07 


F:
 9.9841E-01 -1.7639E-17  2.0099E-16 
-1.1102E-16  1.0051E+00  1.1102E-16 
 2.7756E-16  0.0000E+00  9.9841E-01 


b:
 9.9683E-01 -1.2920E-16  4.7779E-16 
-1.2920E-16  1.0103E+00  1.1159E-16 
 4.7779E-16  1.1159E-16  9.9683E-01 


 J=1.001960e+00 I1=3.003978e+00 

Cauchy:
-1.6367E+07 -6.2689E-05  5.1239E-05 
-6.2689E-05  1.0195E+09  1.1627E-05 
 5.1239E-05  1.1627E-05 -1.6367E+07 


F:
 9.9841E-01 -2.9993E-18  1.3089E-16 
-1.1102E-16  1.0051E+00  1.1102E-16 
 1.5266E-16  0.0000E+00  9.9841E-01 


b:
 9.9683E-01 -1.1459E-16  2.8309E-16 
-1.1459E-16  1.0103E+00  1.1159E-16 
 2.8309E-16  1.1159E-16  9.9683E-01 


 J=1.001960e+00 I1=3.003978e+00 

Cauchy:
-1.6367E+07  4.5600E-05  1.7080E-05 
 4.5600E-05  1.0195E+09  6.8925E-06 
 1.7080E-05  6.8925E-06 -1.6367E+07 


F:
 9.9841E-01 -2.9993E-18 -2.3851E-18 
-2.3592E-16  1.0051E+00 -2.4980E-16 
 1.5266E-16  0.0000E+00  9.9841E-01 


b:
 9.9683E-01 -2.4013E-16  1.5003E-16 
-2.4013E-16  1.0103E+00 -2.5109E-16 
 1.5003E-16 -2.5109E-16  9.9683E-01 


 J=1.001960e+00 I1=3.003978e+00 

Cauchy:
-1.6367E+07 -5.9018E-07  2.5620E-05 
-5.9018E-07  1.0195E+09 -2.0417E-05 
 2.5620E-05 -2.0417E-05 -1.6367E+07 


F:
 9.9841E-01 -1.7639E-17  1.0756E-16 
-2.3592E-16  1.0051E+00 -2.4980E-16 
 2.7756E-16  0.0000E+00  9.9841E-01 


b:
 9.9683E-01 -2.5475E-16  3.8450E-16 
-2.5475E-16  1.0103E+00 -2.5109E-16 
 3.8450E-16 -2.5109E-16  9.9683E-01 


 J=1.001960e+00 I1=3.003978e+00 

Cauchy:
-1.6367E+07  2.1393E-05  3.4159E-05 
 2.1393E-05  1.0195E+09 -2.9252E-05 
 3.4159E-05 -2.9252E-05 -1.6367E+07 


F:
 9.9834E-01  3.6294E-17 -2.3405E-17 
 1.6653E-16  1.0057E+00  1.1102E-16 
-1.6653E-16  0.0000E+00  9.9834E-01 


b:
 9.9669E-01  2.0372E-16 -1.8962E-16 
 2.0372E-16  1.0115E+00  1.1166E-16 
-1.8962E-16  1.1166E-16  9.9669E-01 


 J=1.002391e+00 I1=3.004852e+00 

Cauchy:
 2.3060E+07  6.9103E-05 -1.2810E-05 
 6.9103E-05  1.1575E+09  5.1762E-06 
-1.2810E-05  5.1762E-06  2.3060E+07 


F:
 9.9834E-01  1.2477E-17  1.2704E-17 
 1.6653E-16  1.0057E+00  1.1102E-16 
-5.5511E-17  0.0000E+00  9.9834E-01 


b:
 9.9669E-01  1.7994E-16 -4.2736E-17 
 1.7994E-16  1.0115E+00  1.1166E-16 
-4.2736E-17  1.1166E-16  9.9669E-01 


 J=1.002391e+00 I1=3.004852e+00 

Cauchy:
 2.3060E+07  1.2071E-05 -2.1350E-06 
 1.2071E-05  1.1575E+09  9.7027E-06 
-2.1350E-06  9.7027E-06  2.3060E+07 


F:
 9.9834E-01  1.2477E-17  7.0371E-17 
 2.7756E-16  1.0057E+00  2.7756E-17 
-5.5511E-17  0.0000E+00  9.9834E-01 


b:
 9.9669E-01  2.9160E-16  1.4835E-17 
 2.9160E-16  1.0115E+00  2.7914E-17 
 1.4835E-17  2.7914E-17  9.9669E-01 


 J=1.002391e+00 I1=3.004852e+00 

Cauchy:
 2.3060E+07  6.8276E-06  0.0000E+00 
 6.8276E-06  1.1575E+09  0.0000E+00 
 0.0000E+00  0.0000E+00  2.3060E+07 


F:
 9.9834E-01  3.6294E-17  2.3083E-16 
 2.7756E-16  1.0057E+00  2.7756E-17 
-1.6653E-16  0.0000E+00  9.9834E-01 


b:
 9.9669E-01  3.1538E-16  6.4192E-17 
 3.1538E-16  1.0115E+00  2.7914E-17 
 6.4192E-17  2.7914E-17  9.9669E-01 


 J=1.002391e+00 I1=3.004852e+00 

Cauchy:
 2.3060E+07  7.8128E-06  0.0000E+00 
 7.8128E-06  1.1575E+09  0.0000E+00 
 0.0000E+00  0.0000E+00  2.3060E+07 


F:
 9.9834E-01  3.6294E-17 -2.3405E-17 
 6.9389E-17  1.0057E+00  1.1102E-16 
 3.0531E-16  0.0000E+00  9.9834E-01 


b:
 9.9669E-01  1.0602E-16  2.8144E-16 
 1.0602E-16  1.0115E+00  1.1166E-16 
 2.8144E-16  1.1166E-16  9.9669E-01 


 J=1.002391e+00 I1=3.004852e+00 

Cauchy:
 2.3060E+07  7.4252E-06  3.4159E-05 
 7.4252E-06  1.1575E+09  1.4199E-05 
 3.4159E-05  1.4199E-05  2.3060E+07 


F:
 9.9834E-01  1.2477E-17  1.2704E-17 
 6.9389E-17  1.0057E+00  1.1102E-16 
 2.0817E-16  0.0000E+00  9.9834E-01 


b:
 9.9669E-01  8.2242E-17  2.2051E-16 
 8.2242E-17  1.0115E+00  1.1166E-16 
 2.2051E-16  1.1166E-16  9.9669E-01 


 J=1.002391e+00 I1=3.004852e+00 

Cauchy:
 2.3060E+07  3.4492E-05  2.1350E-05 
 3.4492E-05  1.1575E+09  6.2371E-06 
 2.1350E-05  6.2371E-06  2.3060E+07 


F:
 9.9834E-01  1.2477E-17  7.0371E-17 
-2.7756E-17  1.0057E+00 -1.1102E-16 
 2.0817E-16  0.0000E+00  9.9834E-01 


b:
 9.9669E-01 -1.5458E-17  2.7808E-16 
-1.5458E-17  1.0115E+00 -1.1166E-16 
 2.7808E-16 -1.1166E-16  9.9669E-01 


 J=1.002391e+00 I1=3.004852e+00 

Cauchy:
 2.3060E+07  1.1055E-05 -4.2699E-06 
 1.1055E-05  1.1575E+09  1.0327E-06 
-4.2699E-06  1.0327E-06  2.3060E+07 


F:
 9.9834E-01  3.6294E-17  2.3083E-16 
-2.7756E-17  1.0057E+00 -1.1102E-16 
 3.0531E-16  0.0000E+00  9.9834E-01 


b:
 9.9669E-01  8.3193E-18  5.3526E-16 
 8.3193E-18  1.0115E+00 -1.1166E-16 
 5.3526E-16 -1.1166E-16  9.9669E-01 


 J=1.002391e+00 I1=3.004852e+00 

Cauchy:
 2.3060E+07 -3.3631E-05  5.1239E-05 
-3.3631E-05  1.1575E+09 -9.4780E-06 
 5.1239E-05 -9.4780E-06  2.3060E+07 


F:
 9.9807E-01 -6.2319E-17 -2.4537E-16 
 0.0000E+00  1.0063E+00  0.0000E+00 
-1.6653E-16  0.0000E+00  9.9807E-01 


b:
 9.9615E-01 -6.2199E-17 -4.1111E-16 
-6.2199E-17  1.0126E+00  1.5291E-32 
-4.1111E-16  1.5291E-32  9.9615E-01 


 J=1.002417e+00 I1=3.004922e+00 

Cauchy:
-1.5029E+07  8.1999E-06 -2.5620E-05 
 8.1999E-06  1.2489E+09 -2.9730E-06 
-2.5620E-05 -2.9730E-06 -1.5029E+07 


F:
 9.9807E-01 -6.8516E-18 -2.1196E-16 
 0.0000E+00  1.0063E+00  0.0000E+00 
-2.2204E-16  0.0000E+00  9.9807E-01 


b:
 9.9615E-01 -6.8384E-18 -4.3316E-16 
-6.8384E-18  1.0126E+00  1.4522E-33 
-4.3316E-16  1.4522E-33  9.9615E-01 


 J=1.002417e+00 I1=3.004922e+00 

Cauchy:
-1.5029E+07  0.0000E+00 -5.1239E-05 
 0.0000E+00  1.2489E+09  0.0000E+00 
-5.1239E-05  0.0000E+00 -1.5029E+07 


F:
 9.9807E-01 -6.8516E-18 -2.1142E-18 
-5.5511E-17  1.0063E+00  2.2204E-16 
-2.2204E-16  0.0000E+00  9.9807E-01 


b:
 9.9615E-01 -6.2699E-17 -2.2373E-16 
-6.2699E-17  1.0126E+00  2.2344E-16 
-2.2373E-16  2.2344E-16  9.9615E-01 


 J=1.002417e+00 I1=3.004922e+00 

Cauchy:
-1.5029E+07  9.9388E-06 -1.7080E-05 
 9.9388E-06  1.2489E+09  1.7083E-05 
-1.7080E-05  1.7083E-05 -1.5029E+07 


F:
 9.9807E-01 -6.2319E-17  1.2247E-16 
-5.5511E-17  1.0063E+00  2.2204E-16 
-1.6653E-16  0.0000E+00  9.9807E-01 


b:
 9.9615E-01 -1.1806E-16 -4.3976E-17 
-1.1806E-16  1.0126E+00  2.2344E-16 
-4.3976E-17  2.2344E-16  9.9615E-01 


 J=1.002417e+00 I1=3.004922e+00 

Cauchy:
-1.5029E+07 -3.9878E-06 -3.2024E-06 
-3.9878E-06  1.2489E+09  1.6988E-05 
-3.2024E-06  1.6988E-05 -1.5029E+07 


F:
 9.9807E-01 -6.2319E-17 -2.4537E-16 
 1.8041E-16  1.0063E+00  1.1102E-16 
 0.0000E+00  0.0000E+00  9.9807E-01 


b:
 9.9615E-01  1.1935E-16 -2.4490E-16 
 1.1935E-16  1.0126E+00  1.1172E-16 
-2.4490E-16  1.1172E-16  9.9615E-01 


 J=1.002417e+00 I1=3.004922e+00 

Cauchy:
-1.5029E+07 -2.8912E-06 -1.7080E-05 
-2.8912E-06  1.2489E+09  3.3140E-06 
-1.7080E-05  3.3140E-06 -1.5029E+07 


F:
 9.9807E-01 -6.8516E-18 -2.1196E-16 
 1.8041E-16  1.0063E+00  1.1102E-16 
 1.8041E-16  0.0000E+00  9.9807E-01 


b:
 9.9615E-01  1.7471E-16 -3.1484E-17 
 1.7471E-16  1.0126E+00  1.1172E-16 
-3.1484E-17  1.1172E-16  9.9615E-01 


 J=1.002417e+00 I1=3.004922e+00 

Cauchy:
-1.5029E+07  3.1883E-05 -1.0675E-06 
 3.1883E-05  1.2489E+09  9.2892E-06 
-1.0675E-06  9.2892E-06 -1.5029E+07 


F:
 9.9807E-01 -6.8516E-18 -2.1142E-18 
 3.6082E-16  1.0063E+00  8.3267E-17 
 1.8041E-16  0.0000E+00  9.9807E-01 


b:
 9.9615E-01  3.5625E-16  1.7795E-16 
 3.5625E-16  1.0126E+00  8.3790E-17 
 1.7795E-16  8.3790E-17  9.9615E-01 


 J=1.002417e+00 I1=3.004922e+00 

Cauchy:
-1.5029E+07  6.0076E-05  1.2810E-05 
 6.0076E-05  1.2489E+09  5.4456E-06 
 1.2810E-05  5.4456E-06 -1.5029E+07 


F:
 9.9807E-01 -6.2319E-17  1.2247E-16 
 3.6082E-16  1.0063E+00  8.3267E-17 
 0.0000E+00  0.0000E+00  9.9807E-01 


b:
 9.9615E-01  3.0089E-16  1.2224E-16 
 3.0089E-16  1.0126E+00  8.3790E-17 
 1.2224E-16  8.3790E-17  9.9615E-01 


 J=1.002417e+00 I1=3.004922e+00 

Cauchy:
-1.5029E+07  1.1833E-05  1.7080E-05 
 1.1833E-05  1.2489E+09  5.6191E-06 
 1.7080E-05  5.6191E-06 -1.5029E+07 


F:
 9.9790E-01 -4.1902E-17 -9.5010E-17 
-1.6653E-16  1.0069E+00 -1.1102E-16 
-5.5511E-17  0.0000E+00  9.9790E-01 


b:
 9.9581E-01 -2.0949E-16 -1.5021E-16 
-2.0949E-16  1.0138E+00 -1.1178E-16 
-1.5021E-16 -1.1178E-16  9.9581E-01 


 J=1.002640e+00 I1=3.005385e+00 

Cauchy:
-1.5320E+07 -9.6213E-06 -1.7080E-05 
-9.6213E-06  1.3630E+09 -8.3193E-06 
-1.7080E-05 -8.3193E-06 -1.5320E+07 


F:
 9.9790E-01 -6.4318E-18 -7.8942E-17 
-1.6653E-16  1.0069E+00 -1.1102E-16 
-1.6653E-16  0.0000E+00  9.9790E-01 


b:
 9.9581E-01 -1.7409E-16 -2.4496E-16 
-1.7409E-16  1.0138E+00 -1.1178E-16 
-2.4496E-16 -1.1178E-16  9.9581E-01 


 J=1.002640e+00 I1=3.005385e+00 

Cauchy:
-1.5320E+07 -2.0747E-05 -8.5398E-06 
-2.0747E-05  1.3630E+09 -3.8743E-06 
-8.5398E-06 -3.8743E-06 -1.5320E+07 


F:
 9.9790E-01 -6.4318E-18 -5.8826E-17 
-2.7756E-16  1.0069E+00  2.7756E-16 
-1.6653E-16  0.0000E+00  9.9790E-01 


b:
 9.9581E-01 -2.8588E-16 -2.2489E-16 
-2.8588E-16  1.0138E+00  2.7946E-16 
-2.2489E-16  2.7946E-16  9.9581E-01 


 J=1.002640e+00 I1=3.005385e+00 

Cauchy:
-1.5320E+07  4.7450E-06 -2.1350E-05 
 4.7450E-06  1.3630E+09  2.2824E-05 
-2.1350E-05  2.2824E-05 -1.5320E+07 


F:
 9.9790E-01 -4.1902E-17  2.8967E-17 
-2.7756E-16  1.0069E+00  2.7756E-16 
-5.5511E-17  0.0000E+00  9.9790E-01 


b:
 9.9581E-01 -3.2127E-16 -2.6488E-17 
-3.2127E-16  1.0138E+00  2.7946E-16 
-2.6488E-17  2.7946E-16  9.9581E-01 


 J=1.002640e+00 I1=3.005385e+00 

Cauchy:
-1.5320E+07 -2.8801E-05 -2.1350E-06 
-2.8801E-05  1.3630E+09  2.1555E-05 
-2.1350E-06  2.1555E-05 -1.5320E+07 


F:
 9.9790E-01 -4.1902E-17 -9.5010E-17 
 6.9389E-17  1.0069E+00 -1.1102E-16 
-3.6082E-16  0.0000E+00  9.9790E-01 


b:
 9.9581E-01  2.8051E-17 -4.5488E-16 
 2.8051E-17  1.0138E+00 -1.1178E-16 
-4.5488E-16 -1.1178E-16  9.9581E-01 


 J=1.002640e+00 I1=3.005385e+00 

Cauchy:
-1.5320E+07 -3.7508E-05 -2.9889E-05 
-3.7508E-05  1.3630E+09 -3.3854E-06 
-2.9889E-05 -3.3854E-06 -1.5320E+07 


F:
 9.9790E-01 -6.4318E-18 -7.8942E-17 
 6.9389E-17  1.0069E+00 -1.1102E-16 
 1.1102E-16  0.0000E+00  9.9790E-01 


b:
 9.9581E-01  6.3447E-17  3.2013E-17 
 6.3447E-17  1.0138E+00 -1.1178E-16 
 3.2013E-17 -1.1178E-16  9.9581E-01 


 J=1.002640e+00 I1=3.005385e+00 

Cauchy:
-1.5320E+07  9.0703E-06  1.2810E-05 
 9.0703E-06  1.3630E+09 -7.6396E-06 
 1.2810E-05 -7.6396E-06 -1.5320E+07 


F:
 9.9790E-01 -6.4318E-18 -5.8826E-17 
 5.4123E-16  1.0069E+00  1.9429E-16 
 1.1102E-16  0.0000E+00  9.9790E-01 


b:
 9.9581E-01  5.3853E-16  5.2086E-17 
 5.3853E-16  1.0138E+00  1.9562E-16 
 5.2086E-17  1.9562E-16  9.9581E-01 


 J=1.002640e+00 I1=3.005385e+00 

Cauchy:
-1.5320E+07  5.6898E-05  4.2699E-06 
 5.6898E-05  1.3630E+09  1.4727E-05 
 4.2699E-06  1.4727E-05 -1.5320E+07 


F:
 9.9790E-01 -4.1902E-17  2.8967E-17 
 5.4123E-16  1.0069E+00  1.9429E-16 
-3.6082E-16  0.0000E+00  9.9790E-01 


b:
 9.9581E-01  5.0313E-16 -3.3116E-16 
 5.0313E-16  1.0138E+00  1.9562E-16 
-3.3116E-16  1.9562E-16  9.9581E-01 


 J=1.002640e+00 I1=3.005385e+00 

Cauchy:
-1.5320E+07  5.9790E-05 -2.5620E-05 
