
Stress Elt 3:
GP1
0000 0000 0000 
0000 0000 0000 
0000 0000 0000 


Stress Elt 3:
GP2
0000 0000 0000 
0000 0000 0000 
0000 0000 0000 


Stress Elt 3:
GP3
0000 0000 0000 
0000 0000 0000 
0000 0000 0000 


Stress Elt 3:
GP4
0000 0000 0000 
0000 0000 0000 
0000 0000 0000 


Stress Elt 3:
GP5
0000 0000 0000 
0000 0000 0000 
0000 0000 0000 


Stress Elt 3:
GP6
0000 0000 0000 
0000 0000 0000 
0000 0000 0000 


Stress Elt 3:
GP7
0000 0000 0000 
0000 0000 0000 
0000 0000 0000 


Stress Elt 3:
GP8
0000 0000 0000 
0000 0000 0000 
0000 0000 0000 


Stress Elt 3:
GP1
0000 0000 0000 
0000 0000 0000 
0000 0000 0000 


Stress Elt 3:
GP2
0000 0000 0000 
0000 0000 0000 
0000 0000 0000 


Stress Elt 3:
GP3
0000 0000 0000 
0000 0000 0000 
0000 0000 0000 


Stress Elt 3:
GP4
0000 0000 0000 
0000 0000 0000 
0000 0000 0000 


Stress Elt 3:
GP5
0000 0000 0000 
0000 0000 0000 
0000 0000 0000 


Stress Elt 3:
GP6
0000 0000 0000 
0000 0000 0000 
0000 0000 0000 


Stress Elt 3:
GP7
0000 0000 0000 
0000 0000 0000 
0000 0000 0000 


Stress Elt 3:
GP8
0000 0000 0000 
0000 0000 0000 
0000 0000 0000 


Stress Elt 3:
GP1
0000 0000 0000 
0000 0000 0000 
0000 0000 0000 


Stress Elt 3:
GP2
0000 0000 0000 
0000 0000 0000 
0000 0000 0000 


Stress Elt 3:
GP3
0000 0000 0000 
0000 0000 0000 
0000 0000 0000 


Stress Elt 3:
GP4
0000 0000 0000 
0000 0000 0000 
0000 0000 0000 


Stress Elt 3:
GP5
0000 0000 0000 
0000 0000 0000 
0000 0000 0000 


Stress Elt 3:
GP6
0000 0000 0000 
0000 0000 0000 
0000 0000 0000 


Stress Elt 3:
GP7
0000 0000 0000 
0000 0000 0000 
0000 0000 0000 


Stress Elt 3:
GP8
0000 0000 0000 
0000 0000 0000 
0000 0000 0000 


Stress Elt 3:
GP1
6.0222e+07 -4.3797e-07 0000 
-4.3797e-07 1.4051e+08 0000 
0000 0000 6.0222e+07 


Stress Elt 3:
GP2
6.0222e+07 -9.3823e-08 0000 
-9.3823e-08 1.4051e+08 0000 
0000 0000 6.0222e+07 


Stress Elt 3:
GP3
6.0222e+07 -9.3823e-08 0000 
-9.3823e-08 1.4051e+08 0000 
0000 0000 6.0222e+07 


Stress Elt 3:
GP4
6.0222e+07 -4.3797e-07 0000 
-4.3797e-07 1.4051e+08 0000 
0000 0000 6.0222e+07 


Stress Elt 3:
GP5
6.0222e+07 -4.3797e-07 0000 
-4.3797e-07 1.4051e+08 0000 
0000 0000 6.0222e+07 


Stress Elt 3:
GP6
6.0222e+07 -9.3823e-08 0000 
-9.3823e-08 1.4051e+08 0000 
0000 0000 6.0222e+07 


Stress Elt 3:
GP7
6.0222e+07 -9.3823e-08 0000 
-9.3823e-08 1.4051e+08 0000 
0000 0000 6.0222e+07 


Stress Elt 3:
GP8
6.0222e+07 -4.3797e-07 0000 
-4.3797e-07 1.4051e+08 0000 
0000 0000 6.0222e+07 


Stress Elt 3:
GP1
6.0415e+06 1.9152e-06 -6.4245e-06 
1.9152e-06 2.1220e+08 1.0635e-22 
-6.4245e-06 1.0635e-22 6.0415e+06 


Stress Elt 3:
GP2
6.0415e+06 7.5147e-07 -6.4245e-06 
7.5147e-07 2.1220e+08 4.1727e-23 
-6.4245e-06 4.1727e-23 6.0415e+06 


Stress Elt 3:
GP3
6.0415e+06 7.5147e-07 -4.2606e-06 
7.5147e-07 2.1220e+08 4.1727e-23 
-4.2606e-06 4.1727e-23 6.0415e+06 


Stress Elt 3:
GP4
6.0415e+06 1.9152e-06 -4.2606e-06 
1.9152e-06 2.1220e+08 1.0635e-22 
-4.2606e-06 1.0635e-22 6.0415e+06 


Stress Elt 3:
GP5
6.0415e+06 1.9152e-06 -2.1508e-06 
1.9152e-06 2.1220e+08 -4.4596e-39 
-2.1508e-06 -4.4596e-39 6.0415e+06 


Stress Elt 3:
GP6
6.0415e+06 7.5147e-07 -2.1508e-06 
7.5147e-07 2.1220e+08 -5.0385e-39 
-2.1508e-06 -5.0385e-39 6.0415e+06 


Stress Elt 3:
GP7
6.0415e+06 7.5147e-07 1.3152e-08 
7.5147e-07 2.1220e+08 4.4343e-42 
1.3152e-08 4.4343e-42 6.0415e+06 


Stress Elt 3:
GP8
6.0415e+06 1.9152e-06 1.3152e-08 
1.9152e-06 2.1220e+08 -9.4849e-42 
1.3152e-08 -9.4849e-42 6.0415e+06 


Stress Elt 3:
GP1
-5.6684e+07 1.4765e-06 -2.0744e-07 
1.4765e-06 2.7861e+08 8.2014e-23 
-2.0744e-07 8.2014e-23 -5.6684e+07 


Stress Elt 3:
GP2
-5.6684e+07 6.5724e-07 -2.0744e-07 
6.5724e-07 2.7861e+08 3.6507e-23 
-2.0744e-07 3.6507e-23 -5.6684e+07 


Stress Elt 3:
GP3
-5.6684e+07 6.5724e-07 -2.4678e-06 
6.5724e-07 2.7861e+08 3.6507e-23 
-2.4678e-06 3.6507e-23 -5.6684e+07 


Stress Elt 3:
GP4
-5.6684e+07 1.4765e-06 -2.4678e-06 
1.4765e-06 2.7861e+08 8.2014e-23 
-2.4678e-06 8.2014e-23 -5.6684e+07 


Stress Elt 3:
GP5
-5.6684e+07 1.4765e-06 4.0704e-06 
1.4765e-06 2.7861e+08 -2.6496e-39 
4.0704e-06 -2.6496e-39 -5.6684e+07 


Stress Elt 3:
GP6
-5.6684e+07 6.5724e-07 4.0704e-06 
6.5724e-07 2.7861e+08 -8.8088e-40 
4.0704e-06 -8.8088e-40 -5.6684e+07 


Stress Elt 3:
GP7
-5.6684e+07 6.5724e-07 1.8100e-06 
6.5724e-07 2.7861e+08 8.8908e-42 
1.8100e-06 8.8908e-42 -5.6684e+07 


Stress Elt 3:
GP8
-5.6684e+07 1.4765e-06 1.8100e-06 
1.4765e-06 2.7861e+08 -2.2189e-39 
1.8100e-06 -2.2189e-39 -5.6684e+07 


Stress Elt 3:
GP1
-2.1190e+07 -3.8732e-07 2.4390e-05 
-3.8732e-07 4.0375e+08 4.3030e-23 
2.4390e-05 4.3030e-23 -2.1190e+07 


Stress Elt 3:
GP2
-2.1190e+07 -1.3901e-07 1.5832e-05 
-1.3901e-07 4.0375e+08 7.6924e-40 
1.5832e-05 7.6924e-40 -2.1190e+07 


Stress Elt 3:
GP3
-2.1190e+07 -8.6726e-06 4.4894e-06 
-8.6726e-06 4.0375e+08 4.9739e-22 
4.4894e-06 4.9739e-22 -2.1190e+07 


Stress Elt 3:
GP4
-2.1190e+07 -8.9209e-06 1.3047e-05 
-8.9209e-06 4.0375e+08 1.4885e-21 
1.3047e-05 1.4885e-21 -2.1190e+07 


Stress Elt 3:
GP5
-2.1190e+07 -3.8732e-07 1.7972e-05 
-3.8732e-07 4.0375e+08 1.0757e-23 
1.7972e-05 1.0757e-23 -2.1190e+07 


Stress Elt 3:
GP6
-2.1190e+07 -1.3901e-07 1.6902e-05 
-1.3901e-07 4.0375e+08 1.9304e-24 
1.6902e-05 1.9304e-24 -2.1190e+07 


Stress Elt 3:
GP7
-2.1190e+07 -1.2057e-06 5.5591e-06 
-1.2057e-06 4.0375e+08 7.8917e-23 
5.5591e-06 7.8917e-23 -2.1190e+07 


Stress Elt 3:
GP8
-2.1190e+07 -1.4540e-06 6.6287e-06 
-1.4540e-06 4.0375e+08 1.0256e-22 
6.6287e-06 1.0256e-22 -2.1190e+07 


Stress Elt 3:
GP1
4.0095e+07 2.3147e-06 1.7355e-06 
2.3147e-06 5.4418e+08 -2.0440e-22 
1.7355e-06 -2.0440e-22 4.0095e+07 


Stress Elt 3:
GP2
4.0095e+07 3.5647e-06 1.7355e-06 
3.5647e-06 5.4418e+08 -1.3497e-22 
1.7355e-06 -1.3497e-22 4.0095e+07 


Stress Elt 3:
GP3
4.0095e+07 3.5647e-06 -3.3418e-06 
3.5647e-06 5.4418e+08 1.4615e-22 
-3.3418e-06 1.4615e-22 4.0095e+07 


Stress Elt 3:
GP4
4.0095e+07 2.3147e-06 -3.3418e-06 
2.3147e-06 5.4418e+08 7.6713e-23 
-3.3418e-06 7.6713e-23 4.0095e+07 


Stress Elt 3:
GP5
4.0095e+07 -8.8373e-07 3.8748e-06 
-8.8373e-07 5.4418e+08 -1.0779e-22 
3.8748e-06 -1.0779e-22 4.0095e+07 


Stress Elt 3:
GP6
4.0095e+07 3.6633e-07 3.8748e-06 
3.6633e-07 5.4418e+08 -7.3071e-23 
3.8748e-06 -7.3071e-23 4.0095e+07 


Stress Elt 3:
GP7
4.0095e+07 3.6633e-07 -1.2025e-06 
3.6633e-07 5.4418e+08 -2.7918e-24 
-1.2025e-06 -2.7918e-24 4.0095e+07 


Stress Elt 3:
GP8
4.0095e+07 -8.8373e-07 -1.2025e-06 
-8.8373e-07 5.4418e+08 -3.7511e-23 
-1.2025e-06 -3.7511e-23 4.0095e+07 


Stress Elt 3:
GP1
2.0526e+07 7.4988e-06 -2.2320e-05 
7.4988e-06 6.3592e+08 1.7743e-21 
-2.2320e-05 1.7743e-21 2.0526e+07 


Stress Elt 3:
GP2
2.0526e+07 4.7538e-06 -1.8039e-05 
4.7538e-06 6.3592e+08 1.0527e-21 
-1.8039e-05 1.0527e-21 2.0526e+07 


Stress Elt 3:
GP3
2.0526e+07 9.0179e-06 -1.1932e-05 
9.0179e-06 6.3592e+08 1.3750e-21 
-1.1932e-05 1.3750e-21 2.0526e+07 


Stress Elt 3:
GP4
2.0526e+07 1.1763e-05 -1.6213e-05 
1.1763e-05 6.3592e+08 2.3336e-21 
-1.6213e-05 2.3336e-21 2.0526e+07 


Stress Elt 3:
GP5
2.0526e+07 1.1027e-06 -1.4828e-05 
1.1027e-06 6.3592e+08 -1.8562e-22 
-1.4828e-05 -1.8562e-22 2.0526e+07 


Stress Elt 3:
GP6
2.0526e+07 -1.6423e-06 -9.4765e-06 
-1.6423e-06 6.3592e+08 -2.6221e-22 
-9.4765e-06 -2.6221e-22 2.0526e+07 


Stress Elt 3:
GP7
2.0526e+07 3.6878e-06 -3.3695e-06 
3.6878e-06 6.3592e+08 1.3984e-22 
-3.3695e-06 1.3984e-22 2.0526e+07 


Stress Elt 3:
GP8
2.0526e+07 6.4328e-06 -8.7210e-06 
6.4328e-06 6.3592e+08 5.8661e-22 
-8.7210e-06 5.8661e-22 2.0526e+07 


Stress Elt 3:
GP1
-3.6529e+07 -9.2616e-06 -2.3516e-05 
-9.2616e-06 7.0501e+08 -2.6827e-21 
-2.3516e-05 -2.6827e-21 -3.6529e+07 


Stress Elt 3:
GP2
-3.6529e+07 -8.3170e-06 -1.0660e-05 
-8.3170e-06 7.0501e+08 -1.1910e-21 
-1.0660e-05 -1.1910e-21 -3.6529e+07 


Stress Elt 3:
GP3
-3.6529e+07 4.4764e-06 4.8010e-07 
4.4764e-06 7.0501e+08 -3.8333e-23 
4.8010e-07 -3.8333e-23 -3.6529e+07 


Stress Elt 3:
GP4
-3.6529e+07 3.5317e-06 -1.2375e-05 
3.5317e-06 7.0501e+08 6.0302e-22 
-1.2375e-05 6.0302e-22 -3.6529e+07 


Stress Elt 3:
GP5
-3.6529e+07 -3.9311e-06 -1.8159e-05 
-3.9311e-06 7.0501e+08 -7.8382e-22 
-1.8159e-05 -7.8382e-22 -3.6529e+07 


Stress Elt 3:
GP6
-3.6529e+07 -2.9864e-06 -1.3874e-05 
-2.9864e-06 7.0501e+08 -5.7847e-22 
-1.3874e-05 -5.7847e-22 -3.6529e+07 


Stress Elt 3:
GP7
-3.6529e+07 1.2781e-06 -2.7337e-06 
1.2781e-06 7.0501e+08 3.4855e-23 
-2.7337e-06 3.4855e-23 -3.6529e+07 


Stress Elt 3:
GP8
-3.6529e+07 3.3338e-07 -7.0189e-06 
3.3338e-07 7.0501e+08 6.6509e-23 
-7.0189e-06 6.6509e-23 -3.6529e+07 


Stress Elt 3:
GP1
-2.9943e+07 -2.0009e-05 -2.0611e-06 
-2.0009e-05 8.1211e+08 -2.9145e-22 
-2.0611e-06 -2.9145e-22 -2.9943e+07 


Stress Elt 3:
GP2
-2.9943e+07 -1.7267e-05 1.5086e-05 
-1.7267e-05 8.1211e+08 3.3952e-21 
1.5086e-05 3.3952e-21 -2.9943e+07 


Stress Elt 3:
GP3
-2.9943e+07 -2.1314e-07 1.8669e-05 
-2.1314e-07 8.1211e+08 5.9236e-23 
1.8669e-05 5.9236e-23 -2.9943e+07 


Stress Elt 3:
GP4
-2.9943e+07 -2.9558e-06 1.5217e-06 
-2.9558e-06 8.1211e+08 1.6430e-22 
1.5217e-06 1.6430e-22 -2.9943e+07 


Stress Elt 3:
GP5
-2.9943e+07 -7.2193e-06 -4.2045e-06 
-7.2193e-06 8.1211e+08 -1.5028e-22 
-4.2045e-06 -1.5028e-22 -2.9943e+07 


Stress Elt 3:
GP6
-2.9943e+07 -4.4765e-06 8.2347e-08 
-4.4765e-06 8.1211e+08 2.2323e-23 
8.2347e-08 2.2323e-23 -2.9943e+07 


Stress Elt 3:
GP7
-2.9943e+07 -2.1314e-07 3.6651e-06 
-2.1314e-07 8.1211e+08 1.7771e-23 
3.6651e-06 1.7771e-23 -2.9943e+07 


Stress Elt 3:
GP8
-2.9943e+07 -2.9558e-06 -6.2174e-07 
-2.9558e-06 8.1211e+08 8.2150e-23 
-6.2174e-07 8.2150e-23 -2.9943e+07 


Stress Elt 3:
GP1
2.0974e+07 -1.3985e-05 1.0447e-05 
-1.3985e-05 9.4561e+08 2.3089e-21 
1.0447e-05 2.3089e-21 2.0974e+07 


Stress Elt 3:
GP2
2.0974e+07 -1.6387e-05 2.3309e-05 
-1.6387e-05 9.4561e+08 5.0416e-21 
2.3309e-05 5.0416e-21 2.0974e+07 


Stress Elt 3:
GP3
2.0974e+07 -3.6032e-06 1.4736e-05 
-3.6032e-06 9.4561e+08 7.0444e-22 
1.4736e-05 7.0444e-22 2.0974e+07 


Stress Elt 3:
GP4
2.0974e+07 -1.2009e-06 1.8749e-06 
-1.2009e-06 9.4561e+08 1.0359e-22 
1.8749e-06 1.0359e-22 2.0974e+07 


Stress Elt 3:
GP5
2.0974e+07 9.2983e-07 1.2591e-05 
9.2983e-07 9.4561e+08 2.6277e-22 
1.2591e-05 2.6277e-22 2.0974e+07 


Stress Elt 3:
GP6
2.0974e+07 -1.4725e-06 1.3662e-05 
-1.4725e-06 9.4561e+08 3.5000e-22 
1.3662e-05 3.5000e-22 2.0974e+07 


Stress Elt 3:
GP7
2.0974e+07 -4.0714e-07 5.0902e-06 
-4.0714e-07 9.4561e+08 4.2870e-23 
5.0902e-06 4.2870e-23 2.0974e+07 


Stress Elt 3:
GP8
2.0974e+07 1.9952e-06 4.0184e-06 
1.9952e-06 9.4561e+08 -2.9554e-23 
4.0184e-06 -2.9554e-23 2.0974e+07 


Stress Elt 3:
GP1
2.4490e+07 1.9996e-06 5.5636e-06 
1.9996e-06 1.0505e+09 8.5208e-06 
5.5636e-06 8.5208e-06 2.4490e+07 


Stress Elt 3:
GP2
2.4490e+07 4.9480e-06 -1.3354e-05 
4.9480e-06 1.0505e+09 8.5208e-06 
-1.3354e-05 8.5208e-06 2.4490e+07 


Stress Elt 3:
GP3
2.4490e+07 -3.5728e-06 -1.2180e-05 
-3.5728e-06 1.0505e+09 2.1302e-06 
-1.2180e-05 2.1302e-06 2.4490e+07 


Stress Elt 3:
GP4
2.4490e+07 -6.5212e-06 -9.4681e-07 
-6.5212e-06 1.0505e+09 2.1302e-06 
-9.4681e-07 2.1302e-06 2.4490e+07 


Stress Elt 3:
GP5
2.4490e+07 -3.3259e-06 7.7081e-06 
-3.3259e-06 1.0505e+09 4.3574e-23 
7.7081e-06 4.3574e-23 2.4490e+07 


Stress Elt 3:
GP6
2.4490e+07 -3.7752e-07 -2.6314e-06 
-3.7752e-07 1.0505e+09 -1.7215e-23 
-2.6314e-06 -1.7215e-23 2.4490e+07 


Stress Elt 3:
GP7
2.4490e+07 -3.7752e-07 -1.4573e-06 
-3.7752e-07 1.0505e+09 -2.1302e-06 
-1.4573e-06 -2.1302e-06 2.4490e+07 


Stress Elt 3:
GP8
2.4490e+07 -3.3259e-06 1.1977e-06 
-3.3259e-06 1.0505e+09 -2.1302e-06 
1.1977e-06 -2.1302e-06 2.4490e+07 


Stress Elt 3:
GP1
-1.9263e+07 1.1677e-05 -1.6042e-06 
1.1677e-05 1.1269e+09 1.4276e-22 
-1.6042e-06 1.4276e-22 -1.9263e+07 


Stress Elt 3:
GP2
-1.9263e+07 1.2315e-05 -2.0153e-05 
1.2315e-05 1.1269e+09 3.2075e-21 
-2.0153e-05 3.2075e-21 -1.9263e+07 


Stress Elt 3:
GP3
-1.9263e+07 -4.6593e-07 -2.2367e-05 
-4.6593e-07 1.1269e+09 2.1302e-06 
-2.2367e-05 2.1302e-06 -1.9263e+07 


Stress Elt 3:
GP4
-1.9263e+07 -1.1047e-06 -5.2483e-06 
-1.1047e-06 1.1269e+09 2.1302e-06 
-5.2483e-06 2.1302e-06 -1.9263e+07 


Stress Elt 3:
GP5
-1.9263e+07 3.1558e-06 4.8345e-06 
3.1558e-06 1.1269e+09 -8.5209e-06 
4.8345e-06 -8.5209e-06 -1.9263e+07 


Stress Elt 3:
GP6
-1.9263e+07 3.7945e-06 -5.1298e-06 
3.7945e-06 1.1269e+09 -8.5209e-06 
-5.1298e-06 -8.5209e-06 -1.9263e+07 


Stress Elt 3:
GP7
-1.9263e+07 -4.6593e-07 -7.3432e-06 
-4.6593e-07 1.1269e+09 -2.1302e-06 
-7.3432e-06 -2.1302e-06 -1.9263e+07 


Stress Elt 3:
GP8
-1.9263e+07 -1.1047e-06 1.1904e-06 
-1.1047e-06 1.1269e+09 -2.1302e-06 
1.1904e-06 -2.1302e-06 -1.9263e+07 


Stress Elt 3:
GP1
-3.0199e+07 1.7085e-05 9.5913e-06 
1.7085e-05 1.2227e+09 -8.5196e-06 
9.5913e-06 -8.5196e-06 -3.0199e+07 


Stress Elt 3:
GP2
-3.0199e+07 1.7538e-05 -1.9705e-05 
1.7538e-05 1.2227e+09 -8.5196e-06 
-1.9705e-05 -8.5196e-06 -3.0199e+07 


Stress Elt 3:
GP3
-3.0199e+07 -3.7613e-06 -2.4986e-05 
-3.7613e-06 1.2227e+09 -1.2120e-21 
-2.4986e-05 -1.2120e-21 -3.0199e+07 


Stress Elt 3:
GP4
-3.0199e+07 -4.2136e-06 -1.4162e-06 
-4.2136e-06 1.2227e+09 -7.5557e-23 
-1.4162e-06 -7.5557e-23 -3.0199e+07 


Stress Elt 3:
GP5
-3.0199e+07 4.3060e-06 1.3886e-05 
4.3060e-06 1.2227e+09 -8.5196e-06 
1.3886e-05 -8.5196e-06 -3.0199e+07 


Stress Elt 3:
GP6
-3.0199e+07 4.7583e-06 6.9523e-07 
4.7583e-06 1.2227e+09 -8.5196e-06 
6.9523e-07 -8.5196e-06 -3.0199e+07 


Stress Elt 3:
GP7
-3.0199e+07 -5.6647e-07 -4.5859e-06 
-5.6647e-07 1.2227e+09 -2.1299e-06 
-4.5859e-06 -2.1299e-06 -3.0199e+07 


Stress Elt 3:
GP8
-3.0199e+07 -1.0188e-06 2.8786e-06 
-1.0188e-06 1.2227e+09 -2.1299e-06 
2.8786e-06 -2.1299e-06 -3.0199e+07 


Stress Elt 3:
GP1
5.9591e+06 4.1377e-07 -1.9963e-06 
4.1377e-07 1.3467e+09 4.6030e-23 
-1.9963e-06 4.6030e-23 5.9591e+06 


Stress Elt 3:
GP2
5.9591e+06 6.5937e-07 -5.9082e-06 
6.5937e-07 1.3467e+09 7.3351e-23 
-5.9082e-06 7.3351e-23 5.9591e+06 


Stress Elt 3:
GP3
5.9591e+06 6.5937e-07 -8.9269e-06 
6.5937e-07 1.3467e+09 7.3351e-23 
-8.9269e-06 7.3351e-23 5.9591e+06 


Stress Elt 3:
GP4
5.9591e+06 4.1377e-07 -7.8787e-06 
4.1377e-07 1.3467e+09 4.6030e-23 
-7.8787e-06 4.6030e-23 5.9591e+06 


Stress Elt 3:
GP5
5.9591e+06 4.1377e-07 4.4470e-06 
4.1377e-07 1.3467e+09 -8.5162e-06 
4.4470e-06 -8.5162e-06 5.9591e+06 


Stress Elt 3:
GP6
5.9591e+06 6.5937e-07 5.3514e-07 
6.5937e-07 1.3467e+09 -8.5162e-06 
5.3514e-07 -8.5162e-06 5.9591e+06 


Stress Elt 3:
GP7
5.9591e+06 6.5937e-07 -2.4836e-06 
6.5937e-07 1.3467e+09 1.8338e-23 
-2.4836e-06 1.8338e-23 5.9591e+06 


Stress Elt 3:
GP8
5.9591e+06 4.1377e-07 -1.4354e-06 
4.1377e-07 1.3467e+09 1.1507e-23 
-1.4354e-06 1.1507e-23 5.9591e+06 


Stress Elt 3:
GP1
2.1922e+07 -5.0284e-06 -8.8208e-06 
-5.0284e-06 1.4583e+09 -9.7220e-22 
-8.8208e-06 -9.7220e-22 2.1922e+07 


Stress Elt 3:
GP2
2.1922e+07 -8.2898e-06 7.9834e-06 
-8.2898e-06 1.4583e+09 8.4254e-22 
7.9834e-06 8.4254e-22 2.1922e+07 


Stress Elt 3:
GP3
2.1922e+07 4.4808e-06 1.1143e-05 
4.4808e-06 1.4583e+09 -6.5143e-22 
1.1143e-05 -6.5143e-22 2.1922e+07 


Stress Elt 3:
GP4
2.1922e+07 7.7421e-06 -2.7969e-06 
7.7421e-06 1.4583e+09 1.5413e-22 
-2.7969e-06 1.5413e-22 2.1922e+07 


Stress Elt 3:
GP5
2.1922e+07 2.4211e-06 -8.8208e-06 
2.4211e-06 1.4583e+09 8.5137e-06 
-8.8208e-06 8.5137e-06 2.1922e+07 


Stress Elt 3:
GP6
2.1922e+07 -8.4028e-07 -2.7591e-06 
-8.4028e-07 1.4583e+09 8.5137e-06 
-2.7591e-06 8.5137e-06 2.1922e+07 


Stress Elt 3:
GP7
2.1922e+07 1.2881e-06 4.0018e-07 
1.2881e-06 1.4583e+09 2.1284e-06 
4.0018e-07 2.1284e-06 2.1922e+07 


Stress Elt 3:
GP8
2.1922e+07 4.5495e-06 -2.7969e-06 
4.5495e-06 1.4583e+09 2.1284e-06 
-2.7969e-06 2.1284e-06 2.1922e+07 


Stress Elt 3:
GP1
-6.7645e+06 -1.4850e-05 5.9022e-06 
-1.4850e-05 1.5430e+09 1.7026e-05 
5.9022e-06 1.7026e-05 -6.7645e+06 


Stress Elt 3:
GP2
-6.7645e+06 -1.7075e-05 1.8034e-05 
-1.7075e-05 1.5430e+09 1.7026e-05 
1.8034e-05 1.7026e-05 -6.7645e+06 


Stress Elt 3:
GP3
-6.7645e+06 -4.3055e-06 2.1862e-05 
-4.3055e-06 1.5430e+09 1.2177e-21 
2.1862e-05 1.2177e-21 -6.7645e+06 


Stress Elt 3:
GP4
-6.7645e+06 -2.0802e-06 6.3261e-06 
-2.0802e-06 1.5430e+09 1.0626e-22 
6.3261e-06 1.0626e-22 -6.7645e+06 


Stress Elt 3:
GP5
-6.7645e+06 -2.0802e-06 5.2729e-07 
-2.0802e-06 1.5430e+09 8.5131e-06 
5.2729e-07 8.5131e-06 -6.7645e+06 


Stress Elt 3:
GP6
-6.7645e+06 -4.3055e-06 2.9841e-06 
-4.3055e-06 1.5430e+09 8.5131e-06 
2.9841e-06 8.5131e-06 -6.7645e+06 


Stress Elt 3:
GP7
-6.7645e+06 -1.1130e-06 6.8121e-06 
-1.1130e-06 1.5430e+09 4.2566e-06 
6.8121e-06 4.2566e-06 -6.7645e+06 


Stress Elt 3:
GP8
-6.7645e+06 1.1122e-06 9.5120e-07 
1.1122e-06 1.5430e+09 4.2566e-06 
9.5120e-07 4.2566e-06 -6.7645e+06 


Stress Elt 3:
GP1
-2.5731e+07 -8.4753e-06 -5.7580e-06 
-8.4753e-06 1.6334e+09 -6.3808e-22 
-5.7580e-06 -6.3808e-22 -2.5731e+07 


Stress Elt 3:
GP2
-2.5731e+07 -8.5270e-06 2.5358e-05 
-8.5270e-06 1.6334e+09 2.7961e-21 
2.5358e-05 2.7961e-21 -2.5731e+07 


Stress Elt 3:
GP3
-2.5731e+07 4.2412e-06 2.1886e-05 
4.2412e-06 1.6334e+09 -1.2007e-21 
2.1886e-05 -1.2007e-21 -2.5731e+07 


Stress Elt 3:
GP4
-2.5731e+07 4.2929e-06 4.2150e-06 
4.2929e-06 1.6334e+09 -2.3614e-22 
4.2150e-06 -2.3614e-22 -2.5731e+07 


Stress Elt 3:
GP5
-2.5731e+07 -4.2192e-06 -1.2212e-05 
-4.2192e-06 1.6334e+09 1.7024e-05 
-1.2212e-05 1.7024e-05 -2.5731e+07 


Stress Elt 3:
GP6
-2.5731e+07 -4.2710e-06 1.0299e-05 
-4.2710e-06 1.6334e+09 1.7024e-05 
1.0299e-05 1.7024e-05 -2.5731e+07 


Stress Elt 3:
GP7
-2.5731e+07 -1.4874e-08 6.8268e-06 
-1.4874e-08 1.6334e+09 4.2561e-06 
6.8268e-06 4.2561e-06 -2.5731e+07 


Stress Elt 3:
GP8
-2.5731e+07 3.6840e-08 -2.2388e-06 
3.6840e-08 1.6334e+09 4.2561e-06 
-2.2388e-06 4.2561e-06 -2.5731e+07 


Stress Elt 3:
GP1
-4.0716e+06 -2.8579e-06 -1.1231e-05 
-2.8579e-06 1.7480e+09 -8.5094e-06 
-1.1231e-05 -8.5094e-06 -4.0716e+06 


Stress Elt 3:
GP2
-4.0716e+06 2.5234e-07 -6.9272e-06 
2.5234e-07 1.7480e+09 -8.5094e-06 
-6.9272e-06 -8.5094e-06 -4.0716e+06 


Stress Elt 3:
GP3
-4.0716e+06 2.5234e-07 -6.1136e-07 
2.5234e-07 1.7480e+09 -4.2547e-06 
-6.1136e-07 -4.2547e-06 -4.0716e+06 


Stress Elt 3:
GP4
-4.0716e+06 -2.8579e-06 -3.8392e-06 
-2.8579e-06 1.7480e+09 -4.2547e-06 
-3.8392e-06 -4.2547e-06 -4.0716e+06 


Stress Elt 3:
GP5
-4.0716e+06 -2.8579e-06 -1.2307e-05 
-2.8579e-06 1.7480e+09 -3.9766e-23 
-1.2307e-05 -3.9766e-23 -4.0716e+06 


Stress Elt 3:
GP6
-4.0716e+06 2.5234e-07 -8.0032e-06 
2.5234e-07 1.7480e+09 3.5111e-24 
-8.0032e-06 3.5111e-24 -4.0716e+06 


Stress Elt 3:
GP7
-4.0716e+06 2.5234e-07 -1.6873e-06 
2.5234e-07 1.7480e+09 3.5111e-24 
-1.6873e-06 3.5111e-24 -4.0716e+06 


Stress Elt 3:
GP8
-4.0716e+06 -2.8579e-06 -4.9151e-06 
-2.8579e-06 1.7480e+09 -3.9766e-23 
-4.9151e-06 -3.9766e-23 -4.0716e+06 


Stress Elt 3:
GP1
1.6219e+07 1.1916e-05 -2.1150e-05 
1.1916e-05 1.8615e+09 -1.7013e-05 
-2.1150e-05 -1.7013e-05 1.6219e+07 


Stress Elt 3:
GP2
1.6219e+07 9.3244e-06 -2.6838e-05 
9.3244e-06 1.8615e+09 -1.7013e-05 
-2.6838e-05 -1.7013e-05 1.6219e+07 


Stress Elt 3:
GP3
1.6219e+07 8.1771e-07 -1.9038e-05 
8.1771e-07 1.8615e+09 -8.5067e-06 
-1.9038e-05 -8.5067e-06 1.6219e+07 


Stress Elt 3:
GP4
1.6219e+07 3.4092e-06 -1.3170e-05 
3.4092e-06 1.8615e+09 -8.5067e-06 
-1.3170e-05 -8.5067e-06 1.6219e+07 


Stress Elt 3:
GP5
1.6219e+07 5.5359e-06 -1.3616e-05 
5.5359e-06 1.8615e+09 -1.7013e-05 
-1.3616e-05 -1.7013e-05 1.6219e+07 


Stress Elt 3:
GP6
1.6219e+07 2.9444e-06 -1.3923e-05 
2.9444e-06 1.8615e+09 -1.7013e-05 
-1.3923e-05 -1.7013e-05 1.6219e+07 


Stress Elt 3:
GP7
1.6219e+07 -2.4563e-07 -6.1228e-06 
-2.4563e-07 1.8615e+09 -4.2533e-06 
-6.1228e-06 -4.2533e-06 1.6219e+07 


Stress Elt 3:
GP8
1.6219e+07 2.3459e-06 -5.6362e-06 
2.3459e-06 1.8615e+09 -4.2533e-06 
-5.6362e-06 -4.2533e-06 1.6219e+07 


Stress Elt 3:
GP1
8.6302e+05 1.2843e-05 1.4940e-05 
1.2843e-05 1.9535e+09 -1.7011e-05 
1.4940e-05 -1.7011e-05 8.6302e+05 


Stress Elt 3:
GP2
8.6302e+05 1.6482e-05 -5.4427e-06 
1.6482e-05 1.9535e+09 -1.7011e-05 
-5.4427e-06 -1.7011e-05 8.6302e+05 


Stress Elt 3:
GP3
8.6302e+05 -4.7818e-06 -1.4948e-05 
-4.7818e-06 1.9535e+09 -4.2528e-06 
-1.4948e-05 -4.2528e-06 8.6302e+05 


Stress Elt 3:
GP4
8.6302e+05 -8.4213e-06 7.0502e-06 
-8.4213e-06 1.9535e+09 -4.2528e-06 
7.0502e-06 -4.2528e-06 8.6302e+05 


Stress Elt 3:
GP5
8.6302e+05 -9.7898e-07 1.1710e-05 
-9.7898e-07 1.9535e+09 -1.7011e-05 
1.1710e-05 -1.7011e-05 8.6302e+05 


Stress Elt 3:
GP6
8.6302e+05 2.6605e-06 7.4797e-06 
2.6605e-06 1.9535e+09 -1.7011e-05 
7.4797e-06 -1.7011e-05 8.6302e+05 


Stress Elt 3:
GP7
8.6302e+05 -2.6554e-06 -2.0259e-06 
-2.6554e-06 1.9535e+09 -6.3792e-06 
-2.0259e-06 -6.3792e-06 8.6302e+05 


Stress Elt 3:
GP8
8.6302e+05 -6.2949e-06 3.8196e-06 
-6.2949e-06 1.9535e+09 -6.3792e-06 
3.8196e-06 -6.3792e-06 8.6302e+05 


Stress Elt 3:
GP1
-1.9466e+07 1.2984e-05 2.9604e-05 
1.2984e-05 2.0424e+09 -4.0010e-21 
2.9604e-05 -4.0010e-21 -1.9466e+07 


Stress Elt 3:
GP2
-1.9466e+07 9.2969e-06 1.2363e-05 
9.2969e-06 2.0424e+09 -1.3143e-21 
1.2363e-05 -1.3143e-21 -1.9466e+07 


Stress Elt 3:
GP3
-1.9466e+07 -7.7124e-06 1.0975e-06 
-7.7124e-06 2.0424e+09 1.6470e-22 
1.0975e-06 1.6470e-22 -1.9466e+07 


Stress Elt 3:
GP4
-1.9466e+07 -4.0254e-06 1.8338e-05 
-4.0254e-06 2.0424e+09 1.2666e-21 
1.8338e-05 1.2666e-21 -1.9466e+07 


Stress Elt 3:
GP5
-1.9466e+07 3.4161e-06 1.7751e-05 
3.4161e-06 2.0424e+09 1.8144e-22 
1.7751e-05 1.8144e-22 -1.9466e+07 


Stress Elt 3:
GP6
-1.9466e+07 -2.7083e-07 1.6673e-05 
-2.7083e-07 2.0424e+09 2.2900e-22 
1.6673e-05 2.2900e-22 -1.9466e+07 


Stress Elt 3:
GP7
-1.9466e+07 -1.3339e-06 5.4076e-06 
-1.3339e-06 2.0424e+09 1.4854e-22 
5.4076e-06 1.4854e-22 -1.9466e+07 


Stress Elt 3:
GP8
-1.9466e+07 2.3531e-06 6.4851e-06 
2.3531e-06 2.0424e+09 1.1578e-22 
6.4851e-06 1.1578e-22 -1.9466e+07 


Stress Elt 3:
GP1
-9.5846e+06 -1.2164e-05 1.4087e-05 
-1.2164e-05 2.1492e+09 8.5024e-06 
1.4087e-05 8.5024e-06 -9.5846e+06 


Stress Elt 3:
GP2
-9.5846e+06 -8.4797e-06 2.1940e-05 
-8.4797e-06 2.1492e+09 8.5024e-06 
2.1940e-05 8.5024e-06 -9.5846e+06 


Stress Elt 3:
GP3
-9.5846e+06 -4.2286e-06 7.2837e-06 
-4.2286e-06 2.1492e+09 6.3768e-06 
7.2837e-06 6.3768e-06 -9.5846e+06 


Stress Elt 3:
GP4
-9.5846e+06 -7.9126e-06 4.1015e-06 
-7.9126e-06 2.1492e+09 6.3768e-06 
4.1015e-06 6.3768e-06 -9.5846e+06 


Stress Elt 3:
GP5
-9.5846e+06 -5.7871e-06 1.4087e-05 
-5.7871e-06 2.1492e+09 1.7005e-05 
1.4087e-05 1.7005e-05 -9.5846e+06 


Stress Elt 3:
GP6
-9.5846e+06 -2.1030e-06 1.8706e-05 
-2.1030e-06 2.1492e+09 1.7005e-05 
1.8706e-05 1.7005e-05 -9.5846e+06 


Stress Elt 3:
GP7
-9.5846e+06 -1.0402e-06 4.0499e-06 
-1.0402e-06 2.1492e+09 2.1256e-06 
4.0499e-06 2.1256e-06 -9.5846e+06 


Stress Elt 3:
GP8
-9.5846e+06 -4.7243e-06 4.1015e-06 
-4.7243e-06 2.1492e+09 2.1256e-06 
4.1015e-06 2.1256e-06 -9.5846e+06 


Stress Elt 3:
GP1
9.7970e+06 -1.6700e-05 -3.5061e-05 
-1.6700e-05 2.2615e+09 1.6999e-05 
-3.5061e-05 1.6999e-05 9.7970e+06 


Stress Elt 3:
GP2
9.7970e+06 -1.7792e-05 -1.8194e-05 
-1.7792e-05 2.2615e+09 1.6999e-05 
-1.8194e-05 1.6999e-05 9.7970e+06 


Stress Elt 3:
GP3
9.7970e+06 7.7068e-06 -7.8986e-06 
7.7068e-06 2.2615e+09 4.2498e-06 
-7.8986e-06 4.2498e-06 9.7970e+06 


Stress Elt 3:
GP4
9.7970e+06 8.7991e-06 -3.1594e-05 
8.7991e-06 2.2615e+09 4.2498e-06 
-3.1594e-05 4.2498e-06 9.7970e+06 


Stress Elt 3:
GP5
9.7970e+06 -2.8880e-06 -1.1339e-05 
-2.8880e-06 2.2615e+09 8.4997e-06 
-1.1339e-05 8.4997e-06 9.7970e+06 


Stress Elt 3:
GP6
9.7970e+06 -3.9802e-06 -1.6037e-05 
-3.9802e-06 2.2615e+09 8.4997e-06 
-1.6037e-05 8.4997e-06 9.7970e+06 


Stress Elt 3:
GP7
9.7970e+06 2.6961e-07 -5.7421e-06 
2.6961e-07 2.2615e+09 2.1249e-06 
-5.7421e-06 2.1249e-06 9.7970e+06 


Stress Elt 3:
GP8
9.7970e+06 1.3619e-06 -7.8728e-06 
1.3619e-06 2.2615e+09 2.1249e-06 
-7.8728e-06 2.1249e-06 9.7970e+06 


Stress Elt 3:
GP1
4.4739e+06 -6.0804e-06 -4.2905e-05 
-6.0804e-06 2.3588e+09 8.4981e-06 
-4.2905e-05 8.4981e-06 4.4739e+06 


Stress Elt 3:
GP2
4.4739e+06 -3.4323e-06 -2.1715e-05 
-3.4323e-06 2.3588e+09 8.4981e-06 
-2.1715e-05 8.4981e-06 4.4739e+06 


Stress Elt 3:
GP3
4.4739e+06 1.7813e-05 -1.0324e-05 
1.7813e-05 2.3588e+09 4.2490e-06 
-1.0324e-05 4.2490e-06 4.4739e+06 


Stress Elt 3:
GP4
4.4739e+06 1.5165e-05 -2.9177e-05 
1.5165e-05 2.3588e+09 4.2490e-06 
-2.9177e-05 4.2490e-06 4.4739e+06 


Stress Elt 3:
GP5
4.4739e+06 -3.9559e-06 -2.4566e-05 
-3.9559e-06 2.3588e+09 8.4981e-06 
-2.4566e-05 8.4981e-06 4.4739e+06 


Stress Elt 3:
GP6
4.4739e+06 -1.3078e-06 -1.7400e-05 
-1.3078e-06 2.3588e+09 8.4981e-06 
-1.7400e-05 8.4981e-06 4.4739e+06 


Stress Elt 3:
GP7
4.4739e+06 6.1280e-06 -6.0090e-06 
6.1280e-06 2.3588e+09 2.1245e-06 
-6.0090e-06 2.1245e-06 4.4739e+06 


Stress Elt 3:
GP8
4.4739e+06 3.4800e-06 -1.0838e-05 
3.4800e-06 2.3588e+09 2.1245e-06 
-1.0838e-05 2.1245e-06 4.4739e+06 


Stress Elt 3:
GP1
-1.3310e+07 -2.0349e-06 -1.2536e-06 
-2.0349e-06 2.4485e+09 -6.8727e-23 
-1.2536e-06 -6.8727e-23 -1.3310e+07 


Stress Elt 3:
GP2
-1.3310e+07 -4.8618e-06 5.9942e-06 
-4.8618e-06 2.4485e+09 4.3114e-22 
5.9942e-06 4.3114e-22 -1.3310e+07 


Stress Elt 3:
GP3
-1.3310e+07 7.8838e-06 1.0598e-05 
7.8838e-06 2.4485e+09 -1.0596e-21 
1.0598e-05 -1.0596e-21 -1.3310e+07 


Stress Elt 3:
GP4
-1.3310e+07 1.0711e-05 1.3718e-06 
1.0711e-05 2.4485e+09 -1.5042e-22 
1.3718e-06 -1.5042e-22 -1.3310e+07 


Stress Elt 3:
GP5
-1.3310e+07 8.9398e-08 -2.3330e-06 
8.9398e-08 2.4485e+09 -8.4970e-06 
-2.3330e-06 -8.4970e-06 -1.3310e+07 


Stress Elt 3:
GP6
-1.3310e+07 -2.7375e-06 -3.7205e-06 
-2.7375e-06 2.4485e+09 -8.4970e-06 
-3.7205e-06 -8.4970e-06 -1.3310e+07 


Stress Elt 3:
GP7
-1.3310e+07 1.5110e-06 8.8377e-07 
1.5110e-06 2.4485e+09 -2.1243e-06 
8.8377e-07 -2.1243e-06 -1.3310e+07 


Stress Elt 3:
GP8
-1.3310e+07 4.3379e-06 2.9240e-07 
4.3379e-06 2.4485e+09 -2.1243e-06 
2.9240e-07 -2.1243e-06 -1.3310e+07 


Stress Elt 3:
GP1
-1.1664e+07 2.9662e-06 4.4686e-05 
2.9662e-06 2.5497e+09 -8.4951e-06 
4.4686e-05 -8.4951e-06 -1.1664e+07 


Stress Elt 3:
GP2
-1.1664e+07 7.2253e-07 3.3270e-05 
7.2253e-07 2.5497e+09 -8.4951e-06 
3.3270e-05 -8.4951e-06 -1.1664e+07 


Stress Elt 3:
GP3
-1.1664e+07 4.9701e-06 3.1256e-05 
4.9701e-06 2.5497e+09 -2.1238e-06 
3.1256e-05 -2.1238e-06 -1.1664e+07 


Stress Elt 3:
GP4
-1.1664e+07 7.2138e-06 3.1152e-05 
7.2138e-06 2.5497e+09 -2.1238e-06 
3.1152e-05 -2.1238e-06 -1.1664e+07 


Stress Elt 3:
GP5
-1.1664e+07 2.9662e-06 2.5248e-05 
2.9662e-06 2.5497e+09 -1.6990e-05 
2.5248e-05 -1.6990e-05 -1.1664e+07 


Stress Elt 3:
GP6
-1.1664e+07 7.2253e-07 1.0593e-05 
7.2253e-07 2.5497e+09 -1.6990e-05 
1.0593e-05 -1.6990e-05 -1.1664e+07 


Stress Elt 3:
GP7
-1.1664e+07 1.7844e-06 8.5781e-06 
1.7844e-06 2.5497e+09 -6.3713e-06 
8.5781e-06 -6.3713e-06 -1.1664e+07 


Stress Elt 3:
GP8
-1.1664e+07 4.0281e-06 1.1714e-05 
4.0281e-06 2.5497e+09 -6.3713e-06 
1.1714e-05 -6.3713e-06 -1.1664e+07 


Stress Elt 3:
GP1
4.0854e+06 6.8745e-06 3.1057e-05 
6.8745e-06 2.6592e+09 -1.6985e-05 
3.1057e-05 -1.6985e-05 4.0854e+06 


Stress Elt 3:
GP2
4.0854e+06 8.0596e-06 9.2213e-06 
8.0596e-06 2.6592e+09 -1.6985e-05 
9.2213e-06 -1.6985e-05 4.0854e+06 


Stress Elt 3:
GP3
4.0854e+06 -4.3306e-07 9.0812e-06 
-4.3306e-07 2.6592e+09 -4.2463e-06 
9.0812e-06 -4.2463e-06 4.0854e+06 


Stress Elt 3:
GP4
4.0854e+06 -1.6181e-06 2.1375e-05 
-1.6181e-06 2.6592e+09 -4.2463e-06 
2.1375e-05 -4.2463e-06 4.0854e+06 


Stress Elt 3:
GP5
4.0854e+06 5.0508e-07 1.8094e-05 
5.0508e-07 2.6592e+09 -2.5478e-05 
1.8094e-05 -2.5478e-05 4.0854e+06 


Stress Elt 3:
GP6
4.0854e+06 1.6901e-06 3.8201e-06 
1.6901e-06 2.6592e+09 -2.5478e-05 
3.8201e-06 -2.5478e-05 4.0854e+06 


Stress Elt 3:
GP7
4.0854e+06 6.2852e-07 3.6800e-06 
6.2852e-07 2.6592e+09 -8.4926e-06 
3.6800e-06 -8.4926e-06 4.0854e+06 


Stress Elt 3:
GP8
4.0854e+06 -5.5650e-07 8.4118e-06 
-5.5650e-07 2.6592e+09 -8.4926e-06 
8.4118e-06 -8.4926e-06 4.0854e+06 


Stress Elt 3:
GP1
5.2600e+06 1.1938e-05 4.4719e-06 
1.1938e-05 2.7598e+09 -6.8173e-22 
4.4719e-06 -6.8173e-22 5.2600e+06 


Stress Elt 3:
GP2
5.2600e+06 9.2495e-06 -2.0693e-05 
9.2495e-06 2.7598e+09 2.3924e-21 
-2.0693e-05 2.3924e-21 5.2600e+06 


Stress Elt 3:
GP3
5.2600e+06 -7.7320e-06 -1.4029e-05 
-7.7320e-06 2.7598e+09 -1.4091e-21 
-1.4029e-05 -1.4091e-21 5.2600e+06 


Stress Elt 3:
GP4
5.2600e+06 -5.0435e-06 5.3718e-06 
-5.0435e-06 2.7598e+09 3.9597e-22 
5.3718e-06 3.9597e-22 5.2600e+06 


Stress Elt 3:
GP5
5.2600e+06 4.5086e-06 1.2297e-06 
4.5086e-06 2.7598e+09 -8.4907e-06 
1.2297e-06 -8.4907e-06 5.2600e+06 


Stress Elt 3:
GP6
5.2600e+06 1.8201e-06 -9.8858e-06 
1.8201e-06 2.7598e+09 -8.4907e-06 
-9.8858e-06 -8.4907e-06 5.2600e+06 


Stress Elt 3:
GP7
5.2600e+06 -1.3639e-06 -3.2221e-06 
-1.3639e-06 2.7598e+09 -4.2454e-06 
-3.2221e-06 -4.2454e-06 5.2600e+06 


Stress Elt 3:
GP8
5.2600e+06 1.3245e-06 2.1297e-06 
1.3245e-06 2.7598e+09 -4.2454e-06 
2.1297e-06 -4.2454e-06 5.2600e+06 


Stress Elt 3:
GP1
-8.2650e+06 5.6354e-06 -4.5256e-06 
5.6354e-06 2.8513e+09 8.4895e-06 
-4.5256e-06 8.4895e-06 -8.2650e+06 


Stress Elt 3:
GP2
-8.2650e+06 8.7780e-06 -2.2599e-05 
8.7780e-06 2.8513e+09 8.4895e-06 
-2.2599e-05 8.4895e-06 -8.2650e+06 


Stress Elt 3:
GP3
-8.2650e+06 -1.2446e-05 -2.6483e-05 
-1.2446e-05 2.8513e+09 6.3671e-06 
-2.6483e-05 6.3671e-06 -8.2650e+06 


Stress Elt 3:
GP4
-8.2650e+06 -1.5588e-05 -3.7242e-06 
-1.5588e-05 2.8513e+09 6.3671e-06 
-3.7242e-06 6.3671e-06 -8.2650e+06 


Stress Elt 3:
GP5
-8.2650e+06 -3.9153e-06 -4.5256e-06 
-3.9153e-06 2.8513e+09 8.4895e-06 
-4.5256e-06 8.4895e-06 -8.2650e+06 


Stress Elt 3:
GP6
-8.2650e+06 -7.7269e-07 -2.0543e-06 
-7.7269e-07 2.8513e+09 8.4895e-06 
-2.0543e-06 8.4895e-06 -8.2650e+06 


Stress Elt 3:
GP7
-8.2650e+06 -1.8339e-06 -5.9386e-06 
-1.8339e-06 2.8513e+09 2.1224e-06 
-5.9386e-06 2.1224e-06 -8.2650e+06 


Stress Elt 3:
GP8
-8.2650e+06 -4.9765e-06 -3.7242e-06 
-4.9765e-06 2.8513e+09 2.1224e-06 
-3.7242e-06 2.1224e-06 -8.2650e+06 


Stress Elt 3:
GP1
-1.1513e+07 -1.1170e-05 -2.5704e-05 
-1.1170e-05 2.9489e+09 1.6976e-05 
-2.5704e-05 1.6976e-05 -1.1513e+07 


Stress Elt 3:
GP2
-1.1513e+07 -1.2694e-05 -2.0759e-05 
-1.2694e-05 2.9489e+09 1.6976e-05 
-2.0759e-05 1.6976e-05 -1.1513e+07 


Stress Elt 3:
GP3
-1.1513e+07 -1.6937e-05 -2.4972e-05 
-1.6937e-05 2.9489e+09 4.2439e-06 
-2.4972e-05 4.2439e-06 -1.1513e+07 


Stress Elt 3:
GP4
-1.1513e+07 -1.5414e-05 -2.3246e-05 
-1.5414e-05 2.9489e+09 4.2439e-06 
-2.3246e-05 4.2439e-06 -1.1513e+07 


Stress Elt 3:
GP5
-1.1513e+07 -3.7429e-06 -1.0559e-05 
-3.7429e-06 2.9489e+09 2.5463e-05 
-1.0559e-05 2.5463e-05 -1.1513e+07 


Stress Elt 3:
GP6
-1.1513e+07 -5.2667e-06 8.7688e-07 
-5.2667e-06 2.9489e+09 2.5463e-05 
8.7688e-07 2.5463e-05 -1.1513e+07 


Stress Elt 3:
GP7
-1.1513e+07 -3.1448e-06 -3.3363e-06 
-3.1448e-06 2.9489e+09 6.3658e-06 
-3.3363e-06 6.3658e-06 -1.1513e+07 


Stress Elt 3:
GP8
-1.1513e+07 -1.6209e-06 -8.1009e-06 
-1.6209e-06 2.9489e+09 6.3658e-06 
-8.1009e-06 6.3658e-06 -1.1513e+07 


Stress Elt 3:
GP1
-2.7751e+05 -1.6070e-05 -1.2141e-05 
-1.6070e-05 3.0550e+09 8.4855e-06 
-1.2141e-05 8.4855e-06 -2.7751e+05 


Stress Elt 3:
GP2
-2.7751e+05 -1.7831e-05 1.6614e-05 
-1.7831e-05 3.0550e+09 8.4855e-06 
1.6614e-05 8.4855e-06 -2.7751e+05 


Stress Elt 3:
GP3
-2.7751e+05 -5.1027e-06 3.6511e-06 
-5.1027e-06 3.0550e+09 2.1214e-06 
3.6511e-06 2.1214e-06 -2.7751e+05 


Stress Elt 3:
GP4
-2.7751e+05 -3.3421e-06 -1.3560e-05 
-3.3421e-06 3.0550e+09 2.1214e-06 
-1.3560e-05 2.1214e-06 -2.7751e+05 


Stress Elt 3:
GP5
-2.7751e+05 -3.3421e-06 -3.4831e-06 
-3.3421e-06 3.0550e+09 1.6971e-05 
-3.4831e-06 1.6971e-05 -2.7751e+05 


Stress Elt 3:
GP6
-2.7751e+05 -5.1027e-06 1.5532e-05 
-5.1027e-06 3.0550e+09 1.6971e-05 
1.5532e-05 1.6971e-05 -2.7751e+05 


Stress Elt 3:
GP7
-2.7751e+05 -1.9207e-06 2.5689e-06 
-1.9207e-06 3.0550e+09 4.2427e-06 
2.5689e-06 4.2427e-06 -2.7751e+05 


Stress Elt 3:
GP8
-2.7751e+05 -1.6006e-07 -4.9028e-06 
-1.6006e-07 3.0550e+09 4.2427e-06 
-4.9028e-06 4.2427e-06 -2.7751e+05 


Stress Elt 3:
GP1
4.3649e+06 -1.9771e-05 -2.6001e-06 
-1.9771e-05 3.1570e+09 -2.5450e-05 
-2.6001e-06 -2.5450e-05 4.3649e+06 


Stress Elt 3:
GP2
4.3649e+06 -1.7756e-05 4.0318e-05 
-1.7756e-05 3.1570e+09 -2.5450e-05 
4.0318e-05 -2.5450e-05 4.3649e+06 


Stress Elt 3:
GP3
4.3649e+06 -7.8889e-07 2.1714e-05 
-7.8889e-07 3.1570e+09 -2.1209e-06 
2.1714e-05 -2.1209e-06 4.3649e+06 


Stress Elt 3:
GP4
4.3649e+06 -2.8045e-06 6.2853e-07 
-2.8045e-06 3.1570e+09 -2.1209e-06 
6.2853e-07 -2.1209e-06 4.3649e+06 


Stress Elt 3:
GP5
4.3649e+06 -3.8650e-06 -4.3487e-07 
-3.8650e-06 3.1570e+09 7.2269e-23 
-4.3487e-07 7.2269e-23 4.3649e+06 


Stress Elt 3:
GP6
4.3649e+06 -1.8493e-06 2.6244e-05 
-1.8493e-06 3.1570e+09 3.9142e-22 
2.6244e-05 3.9142e-22 4.3649e+06 


Stress Elt 3:
GP7
4.3649e+06 -7.8889e-07 7.6397e-06 
-7.8889e-07 3.1570e+09 3.2999e-23 
7.6397e-06 3.2999e-23 4.3649e+06 


Stress Elt 3:
GP8
4.3649e+06 -2.8045e-06 2.7938e-06 
-2.8045e-06 3.1570e+09 7.8208e-23 
2.7938e-06 7.8208e-23 4.3649e+06 


Stress Elt 3:
GP1
-4.6720e+06 1.3382e-05 1.7095e-05 
1.3382e-05 3.2506e+09 -1.6964e-05 
1.7095e-05 -1.6964e-05 -4.6720e+06 


Stress Elt 3:
GP2
-4.6720e+06 1.3664e-05 3.2647e-05 
1.3664e-05 3.2506e+09 -1.6964e-05 
3.2647e-05 -1.6964e-05 -4.6720e+06 


Stress Elt 3:
GP3
-4.6720e+06 1.7905e-05 2.0081e-05 
1.7905e-05 3.2506e+09 -2.1205e-06 
2.0081e-05 -2.1205e-06 -4.6720e+06 


Stress Elt 3:
GP4
-4.6720e+06 1.7623e-05 1.5180e-05 
1.7623e-05 3.2506e+09 -2.1205e-06 
1.5180e-05 -2.1205e-06 -4.6720e+06 


Stress Elt 3:
GP5
-4.6720e+06 4.8996e-06 8.4300e-06 
4.8996e-06 3.2506e+09 -8.4820e-06 
8.4300e-06 -8.4820e-06 -4.6720e+06 


Stress Elt 3:
GP6
-4.6720e+06 5.1823e-06 1.9649e-05 
5.1823e-06 3.2506e+09 -8.4820e-06 
1.9649e-05 -8.4820e-06 -4.6720e+06 


Stress Elt 3:
GP7
-4.6720e+06 5.1823e-06 7.0825e-06 
5.1823e-06 3.2506e+09 -2.1205e-06 
7.0825e-06 -2.1205e-06 -4.6720e+06 


Stress Elt 3:
GP8
-4.6720e+06 4.8996e-06 6.5150e-06 
4.8996e-06 3.2506e+09 -2.1205e-06 
6.5150e-06 -2.1205e-06 -4.6720e+06 


Stress Elt 3:
GP1
-1.0168e+07 2.8420e-05 8.2526e-06 
2.8420e-05 3.3461e+09 -2.9415e-21 
8.2526e-06 -2.9415e-21 -1.0168e+07 


Stress Elt 3:
GP2
-1.0168e+07 2.9950e-05 -3.3934e-05 
2.9950e-05 3.3461e+09 1.2993e-20 
-3.3934e-05 1.2993e-20 -1.0168e+07 


Stress Elt 3:
GP3
-1.0168e+07 8.7490e-06 -1.3685e-05 
8.7490e-06 3.3461e+09 -2.1201e-06 
-1.3685e-05 -2.1201e-06 -1.0168e+07 


Stress Elt 3:
GP4
-1.0168e+07 7.2193e-06 1.0621e-05 
7.2193e-06 3.3461e+09 -2.1201e-06 
1.0621e-05 -2.1201e-06 -1.0168e+07 


Stress Elt 3:
GP5
-1.0168e+07 4.0392e-06 -2.5845e-06 
4.0392e-06 3.3461e+09 -1.6961e-05 
-2.5845e-06 -1.6961e-05 -1.0168e+07 


Stress Elt 3:
GP6
-1.0168e+07 5.5689e-06 -2.5265e-05 
5.5689e-06 3.3461e+09 -1.6961e-05 
-2.5265e-05 -1.6961e-05 -1.0168e+07 


Stress Elt 3:
GP7
-1.0168e+07 3.4488e-06 -5.0150e-06 
3.4488e-06 3.3461e+09 -2.1201e-06 
-5.0150e-06 -2.1201e-06 -1.0168e+07 


Stress Elt 3:
GP8
-1.0168e+07 1.9191e-06 -2.1614e-07 
1.9191e-06 3.3461e+09 -2.1201e-06 
-2.1614e-07 -2.1201e-06 -1.0168e+07 


Stress Elt 3:
GP1
-3.1871e+06 2.2268e-05 -1.0004e-05 
2.2268e-05 3.4490e+09 1.6956e-05 
-1.0004e-05 1.6956e-05 -3.1871e+06 


Stress Elt 3:
GP2
-3.1871e+06 2.1723e-05 -4.3922e-05 
2.1723e-05 3.4490e+09 1.6956e-05 
-4.3922e-05 1.6956e-05 -3.1871e+06 


Stress Elt 3:
GP3
-3.1871e+06 9.0056e-06 -2.5063e-05 
9.0056e-06 3.4490e+09 4.2391e-06 
-2.5063e-05 4.2391e-06 -3.1871e+06 


Stress Elt 3:
GP4
-3.1871e+06 9.5507e-06 -7.2269e-06 
9.5507e-06 3.4490e+09 4.2391e-06 
-7.2269e-06 4.2391e-06 -3.1871e+06 


Stress Elt 3:
GP5
-3.1871e+06 6.3713e-06 -6.7519e-06 
6.3713e-06 3.4490e+09 4.7532e-22 
-6.7519e-06 4.7532e-22 -3.1871e+06 


Stress Elt 3:
GP6
-3.1871e+06 5.8263e-06 -2.9828e-05 
5.8263e-06 3.4490e+09 2.0558e-21 
-2.9828e-05 2.0558e-21 -3.1871e+06 


Stress Elt 3:
GP7
-3.1871e+06 3.7067e-06 -1.0969e-05 
3.7067e-06 3.4490e+09 4.7081e-22 
-1.0969e-05 4.7081e-22 -3.1871e+06 


Stress Elt 3:
GP8
-3.1871e+06 4.2518e-06 -3.9745e-06 
4.2518e-06 3.4490e+09 1.7755e-22 
-3.9745e-06 1.7755e-22 -3.1871e+06 


Stress Elt 3:
GP1
2.6944e+06 -5.9657e-06 -1.3332e-05 
-5.9657e-06 3.5510e+09 1.6952e-05 
-1.3332e-05 1.6952e-05 2.6944e+06 


Stress Elt 3:
GP2
2.6944e+06 -4.0158e-06 -3.4636e-05 
-4.0158e-06 3.5510e+09 1.6952e-05 
-3.4636e-05 1.6952e-05 2.6944e+06 


Stress Elt 3:
GP3
2.6944e+06 -8.2539e-06 -1.5061e-05 
-8.2539e-06 3.5510e+09 4.2381e-06 
-1.5061e-05 4.2381e-06 2.6944e+06 


Stress Elt 3:
GP4
2.6944e+06 -1.0204e-05 -6.4107e-06 
-1.0204e-05 3.5510e+09 4.2381e-06 
-6.4107e-06 4.2381e-06 2.6944e+06 


Stress Elt 3:
GP5
2.6944e+06 -1.7276e-06 -1.0079e-05 
-1.7276e-06 3.5510e+09 -2.4102e-23 
-1.0079e-05 -2.4102e-23 2.6944e+06 


Stress Elt 3:
GP6
2.6944e+06 2.2221e-07 -2.8129e-05 
2.2221e-07 3.5510e+09 6.2004e-24 
-2.8129e-05 6.2004e-24 2.6944e+06 


Stress Elt 3:
GP7
2.6944e+06 -8.3730e-07 -8.5538e-06 
-8.3730e-07 3.5510e+09 -2.1190e-06 
-8.5538e-06 -2.1190e-06 2.6944e+06 


Stress Elt 3:
GP8
2.6944e+06 -2.7871e-06 -3.1570e-06 
-2.7871e-06 3.5510e+09 -2.1190e-06 
-3.1570e-06 -2.1190e-06 2.6944e+06 


Stress Elt 3:
GP1
-2.4600e+06 -2.4083e-05 3.7578e-05 
-2.4083e-05 3.6463e+09 1.0723e-20 
3.7578e-05 1.0723e-20 -2.4600e+06 


Stress Elt 3:
GP2
-2.4600e+06 -2.1860e-05 2.7115e-05 
-2.1860e-05 3.6463e+09 7.5002e-21 
2.7115e-05 7.5002e-21 -2.4600e+06 


Stress Elt 3:
GP3
-2.4600e+06 -2.1860e-05 1.5937e-05 
-2.1860e-05 3.6463e+09 2.1186e-06 
1.5937e-05 2.1186e-06 -2.4600e+06 


Stress Elt 3:
GP4
-2.4600e+06 -2.4083e-05 1.8624e-05 
-2.4083e-05 3.6463e+09 2.1186e-06 
1.8624e-05 2.1186e-06 -2.4600e+06 


Stress Elt 3:
GP5
-2.4600e+06 -9.2528e-06 2.8897e-05 
-9.2528e-06 3.6463e+09 -8.4745e-06 
2.8897e-05 -8.4745e-06 -2.4600e+06 


Stress Elt 3:
GP6
-2.4600e+06 -7.0300e-06 1.8434e-05 
-7.0300e-06 3.6463e+09 -8.4745e-06 
1.8434e-05 -8.4745e-06 -2.4600e+06 


Stress Elt 3:
GP7
-2.4600e+06 -7.0300e-06 7.2569e-06 
-7.0300e-06 3.6463e+09 -2.1186e-06 
7.2569e-06 -2.1186e-06 -2.4600e+06 


Stress Elt 3:
GP8
-2.4600e+06 -9.2528e-06 9.9436e-06 
-9.2528e-06 3.6463e+09 -2.1186e-06 
9.9436e-06 -2.1186e-06 -2.4600e+06 


Stress Elt 3:
GP1
-8.3912e+06 -2.0095e-05 2.5264e-05 
-2.0095e-05 3.7409e+09 6.8796e-21 
2.5264e-05 6.8796e-21 -8.3912e+06 


Stress Elt 3:
GP2
-8.3912e+06 -2.1703e-05 3.7904e-05 
-2.1703e-05 3.7409e+09 1.0380e-20 
3.7904e-05 1.0380e-20 -8.3912e+06 


Stress Elt 3:
GP3
-8.3912e+06 -1.3230e-05 1.5611e-05 
-1.3230e-05 3.7409e+09 2.6088e-21 
1.5611e-05 2.6088e-21 -8.3912e+06 


Stress Elt 3:
GP4
-8.3912e+06 -1.1622e-05 5.8670e-06 
-1.1622e-05 3.7409e+09 9.5857e-22 
5.8670e-06 9.5857e-22 -8.3912e+06 


Stress Elt 3:
GP5
-8.3912e+06 -3.1489e-06 2.5264e-05 
-3.1489e-06 3.7409e+09 8.4729e-06 
2.5264e-05 8.4729e-06 -8.3912e+06 


Stress Elt 3:
GP6
-8.3912e+06 -4.7575e-06 3.1390e-05 
-4.7575e-06 3.7409e+09 8.4729e-06 
3.1390e-05 8.4729e-06 -8.3912e+06 


Stress Elt 3:
GP7
-8.3912e+06 -2.6393e-06 9.0978e-06 
-2.6393e-06 3.7409e+09 2.6228e-22 
9.0978e-06 2.6228e-22 -8.3912e+06 


Stress Elt 3:
GP8
-8.3912e+06 -1.0307e-06 5.8670e-06 
-1.0307e-06 3.7409e+09 1.5976e-22 
5.8670e-06 1.5976e-22 -8.3912e+06 


Stress Elt 3:
GP1
-4.8373e+06 -9.6381e-06 -2.1552e-05 
-9.6381e-06 3.8411e+09 8.4709e-06 
-2.1552e-05 8.4709e-06 -4.8373e+06 


Stress Elt 3:
GP2
-4.8373e+06 -8.2849e-06 -9.9506e-07 
-8.2849e-06 3.8411e+09 8.4709e-06 
-9.9506e-07 8.4709e-06 -4.8373e+06 


Stress Elt 3:
GP3
-4.8373e+06 1.8593e-07 -2.8996e-06 
1.8593e-07 3.8411e+09 2.1177e-06 
-2.8996e-06 2.1177e-06 -4.8373e+06 


Stress Elt 3:
GP4
-4.8373e+06 -1.1672e-06 -1.4768e-05 
-1.1672e-06 3.8411e+09 2.1177e-06 
-1.4768e-05 2.1177e-06 -4.8373e+06 


Stress Elt 3:
GP5
-4.8373e+06 -3.2849e-06 -1.1777e-05 
-3.2849e-06 3.8411e+09 1.6942e-05 
-1.1777e-05 1.6942e-05 -4.8373e+06 


Stress Elt 3:
GP6
-4.8373e+06 -1.9318e-06 3.3491e-06 
-1.9318e-06 3.8411e+09 1.6942e-05 
3.3491e-06 1.6942e-05 -4.8373e+06 


Stress Elt 3:
GP7
-4.8373e+06 1.2448e-06 1.4446e-06 
1.2448e-06 3.8411e+09 4.2354e-06 
1.4446e-06 4.2354e-06 -4.8373e+06 


Stress Elt 3:
GP8
-4.8373e+06 -1.0835e-07 -4.9937e-06 
-1.0835e-07 3.8411e+09 4.2354e-06 
-4.9937e-06 4.2354e-06 -4.8373e+06 


Stress Elt 3:
GP1
8.6530e+05 1.5945e-05 -4.9163e-05 
1.5945e-05 3.9424e+09 8.7485e-21 
-4.9163e-05 8.7485e-21 8.6530e+05 


Stress Elt 3:
GP2
8.6530e+05 1.3639e-05 -2.6425e-05 
1.3639e-05 3.9424e+09 4.4699e-21 
